simbad_id,target_ra,target_dec,visit,detector,band,day_obs,physical_filter,sep_arcsec,src_ra,src_dec,sourceId,parentSourceId,x,y,xErr,yErr,ra,dec,raErr,decErr,calibFlux,calibFluxErr,ap09Flux,ap09FluxErr,ap09Flux_flag,ap12Flux,ap12FluxErr,ap12Flux_flag,ap17Flux,ap17FluxErr,ap17Flux_flag,ap25Flux,ap25FluxErr,ap25Flux_flag,ap35Flux,ap35FluxErr,ap35Flux_flag,sky,skyErr,psfFlux,psfFluxErr,extendedness,sizeExtendedness,apFlux_12_0_flag,apFlux_12_0_instFlux,apFlux_12_0_instFluxErr,apFlux_17_0_flag,apFlux_17_0_instFlux,apFlux_17_0_instFluxErr,apFlux_35_0_flag,apFlux_35_0_instFlux,apFlux_35_0_instFluxErr,extendedness_flag,sizeExtendedness_flag,localBackground_instFlux,localBackground_instFluxErr,localBackground_flag,sky_source
[GGH2002] EIS J033125.60-280359.5,52.85661880371,-28.066556688660004,2025071100809,-1,g,20250711,g_6,0.0821566222309337,52.856614744613694,-28.06657922711709,745512972728664142,0,3109.35893787976,1188.3381584264014,0.05006007,0.05329177,52.856614744613694,-28.06657922711709,2.8059876e-06,2.9434227e-06,55187.04706753847,1850.3363256643024,49286.03200241687,1060.0094927715363,False,56098.99609840646,1410.9952514799206,False,61157.99419541007,2008.1148870708391,False,62320.86186055641,2946.853189273272,False,61928.39427187244,4122.366400082014,False,-0.641921670024702,65.40581842615468,55972.22734328234,1033.8638251133275,0.0,0.0018580254434604,False,99285.5,2497.217041015625,False,108239.0498046875,3554.015303064136,False,109602.5244140625,7295.874038412053,False,False,-1.1360900978947814,115.75696245898496,False,False
[GGH2002] EIS J033125.60-280359.5,52.85661880371,-28.066556688660004,2025071100810,-1,g,20250711,g_6,0.1739919438906993,52.85657172806218,-28.066581394011926,745512972862881861,0,3106.161267768228,1192.0043966602702,0.030802842,0.02913035,52.85657172806218,-28.066581394011926,1.7040913e-06,1.6301068e-06,55514.93329904529,1883.4624239089655,48258.28199363377,1079.3108182787605,False,55527.07602388722,1436.699408273627,False,59604.67952005111,2037.50954133442,False,61466.40551569877,2995.538435678732,False,65979.44096835756,4190.635533205397,False,0.3613947364239975,66.102828031623,55912.9600068411,1063.3411428836523,0.0,0.0873482882306984,False,96266.0234375,2490.77294921875,False,103335.271484375,3532.3837541139446,False,114387.0498046875,7265.2091077878,False,False,0.6265418001087494,114.60096313805096,False,False
[GGH2002] EIS J033125.60-280359.5,52.85661880371,-28.066556688660004,2025071100811,-1,g,20250711,g_6,0.1249377707261518,52.85659773148959,-28.066585992070067,745512972997099594,0,3098.617997050551,1201.5288415340094,0.07180055,0.07395677,52.85659773148959,-28.066585992070067,4.007068e-06,4.0975237e-06,56889.28164135621,1898.150712832416,48040.29451655233,1078.5820026988454,False,56985.10038585754,1436.3342528934963,False,63020.39590651981,2047.4812280129604,False,61669.72546209564,3003.389732484919,False,57608.13963279009,4196.092723087516,False,0.5541858702958307,66.84966583950755,55920.8291250779,1077.1352312885697,0.0,0.1166132321827868,False,98523.7109375,2483.3330078125,False,108958.36328125,3539.968295094384,False,99600.9072265625,7254.784561527633,False,False,0.9581530631860382,115.57893394664758,False,False
[GGH2002] EIS J033125.60-280359.5,52.85661880371,-28.066556688660004,2025071100812,-1,g,20250711,g_6,0.1082743976707741,52.85659754879936,-28.06658020068564,745512973131317314,0,3019.6238716497783,1200.8073744419423,0.053391308,0.04401441,52.85659754879936,-28.06658020068564,2.917153e-06,2.508292e-06,55656.905660682656,1861.3474153702164,47391.89099341989,1059.5575696572723,False,56036.87067884033,1410.7814946350695,False,62316.19783776682,2006.895324227798,False,63770.90501147721,2944.771122700682,False,62898.68054408753,4120.886944790333,False,0.507562276976729,65.42349467077474,55823.71256203053,1086.5784142540117,0.0,0.0012641279251413,False,98437.875,2478.26708984375,False,109468.5341796875,3525.4379602431577,False,110491.759765625,7239.00797896585,False,False,0.8916156696561737,114.92700631651633,False,False
[GGH2002] EIS J033125.60-280359.5,52.85661880371,-28.066556688660004,2025071200713,-1,r,20250712,r_57,0.1123439976436513,52.85660373604235,-28.06658492125621,745517357890273421,0,2665.4800279799424,946.1494335369312,0.03667781,0.038040545,52.85660373604235,-28.06658492125621,2.0459486e-06,2.1078667e-06,124041.80451684036,1350.0893582005706,111527.50346221114,805.7432772484032,False,123736.45607648436,1058.135746368626,False,131090.49268055303,1488.9852423909888,False,131737.5348470541,2168.2602534307725,False,132475.43982413804,3027.247263641244,False,-0.2455001453453897,47.79689892307362,124509.8211719977,783.168399156946,0.0,0.0060368846652126,False,229888.5625,1965.8984375,False,243551.5439453125,2766.368844000143,False,246124.62158203125,5624.288458208097,False,False,-0.4561119438567667,88.8013180092315,False,False
[GGH2002] EIS J033125.60-280359.5,52.85661880371,-28.066556688660004,2025071200714,-1,r,20250712,r_57,0.1221553428947532,52.85659872889978,-28.06658562991073,745517358024491181,0,2576.8601576108576,1012.7987566316532,0.029408813,0.029664582,52.85659872889978,-28.06658562991073,1.6363501e-06,1.6475668e-06,124295.5975043423,1332.995584124419,114765.61296234596,799.98032879601,False,125023.91498628526,1048.8425207707037,False,131313.92842060342,1474.8291639230813,False,133924.13684432954,2150.695373855013,False,135464.55882004407,2998.1500516679484,False,0.6164661608369508,48.23759794170542,123747.294898647,709.2227477676479,0.0,0.0034598251241186,False,234076.828125,1963.7021484375,False,245853.34619140625,2761.258378088948,False,253624.390625,5613.305697667708,False,False,1.154182730487514,90.31315267804608,False,False
[GGH2002] EIS J033125.60-280359.5,52.85661880371,-28.066556688660004,2025071200735,-1,z,20250712,z_20,0.1137280866983649,52.85660101740741,-28.06658410539669,745517360843063518,0,2667.0787422088906,877.0437711266331,0.019906461,0.021113796,52.85660101740741,-28.06658410539669,1.1115334e-06,1.1680337e-06,195714.7166684559,2030.9006396030488,184475.27058830237,1242.6790001481663,False,194687.93970646185,1625.4587426361209,False,196944.12361231865,2275.348671988673,False,200537.35271198384,3323.5345552858357,False,201618.3535752453,4638.996456591608,False,0.7614849304067259,72.17992932960996,193792.17713350971,913.3524300495906,0.0,0.001049174051841,False,229372.015625,1915.0377197265625,False,232030.1435546875,2680.706940196699,False,237537.09765625,5465.443670162446,False,False,0.8971451113962163,85.03893925306758,False,False
[GGH2002] EIS J033125.60-280359.5,52.85661880371,-28.066556688660004,2025071200736,-1,z,20250712,z_20,0.1169230186194595,52.8565979687339,-28.06658346288452,745517360977281251,0,2664.0696847258346,873.3748147659101,0.021788716,0.021166809,52.8565979687339,-28.06658346288452,1.2083808e-06,1.1786658e-06,191913.4483575828,2048.41023754739,182334.87172087352,1244.437791538113,False,189108.1298155582,1627.7092634864075,False,192019.61115760668,2289.062446824553,False,189823.8367326453,3334.725309617166,False,191248.5563732992,4649.820230993976,False,-0.5835695428192138,73.58473165337345,190660.77220352183,924.7595782856132,0.0,0.0002100196081232,False,221816.40625,1909.239013671875,False,225231.45947265625,2684.980313282547,False,224327.04250526428,5454.0564403740045,False,False,-0.6845041453868994,86.31199909883017,False,False
[GGH2002] EIS J033125.60-280359.5,52.85661880371,-28.066556688660004,2025071200737,-1,z,20250712,z_20,0.1109643596364878,52.856599478041694,-28.066582365093684,745517361111498987,0,2661.7277688410963,868.8745430971735,0.01948892,0.019782478,52.856599478041694,-28.066582365093684,1.0844547e-06,1.0977433e-06,190039.50294754343,2044.423958172375,181248.0763055626,1241.318194053125,False,189903.9287228345,1623.8292197634175,False,194134.19115976215,2283.2792706082614,False,197586.2103680268,3326.729217392033,False,203026.62475801609,4639.761487855936,False,2.1479425625593294,73.28467090110122,189625.72308368477,903.7055836997292,0.0,0.0001729450887911,False,222674.640625,1904.0447998046875,False,227634.89697265625,2677.292641856082,False,238061.8505859375,5440.420473880414,False,False,2.5186015972271414,85.93101715152623,False,False
[GGH2002] EIS J033125.60-280359.5,52.85661880371,-28.066556688660004,2025071200738,-1,z,20250712,z_20,0.1143260869766921,52.856602280339686,-28.066584901052483,745517361245716690,0,2659.4071275031088,863.8211763723062,0.026696248,0.023437163,52.856602280339686,-28.066584901052483,1.4707747e-06,1.3166134e-06,191602.8148363373,2062.830857358113,181078.8466066917,1247.8141722078497,False,193652.52539936933,1633.4349886665036,False,204425.8792247644,2296.861858310146,False,208274.6829345652,3343.724976662902,False,215334.3125007264,4667.512464707425,False,2.4763004320437365,72.41482743737858,191980.5164224773,983.3038236656612,0.0,0.0019928762850248,False,224769.546875,1895.9031982421875,False,237274.01513671875,2665.932696008741,False,249935.26806640625,5417.510871919251,False,False,2.8742043249318248,84.05079105766161,False,False
[GGH2002] EIS J033125.60-280359.5,52.85661880371,-28.066556688660004,2025071200739,-1,z,20250712,z_20,0.1082680039488944,52.85659994605214,-28.066581740242743,745517361379934437,0,2655.545534608459,860.7251958608322,0.019198567,0.01836012,52.85659994605214,-28.066581740242743,1.0635981e-06,1.0235857e-06,191099.7139929805,2008.051701714339,185049.6907792964,1226.483327192768,False,190897.9550055751,1602.150587421773,False,197876.0840858633,2254.4451297608225,False,196573.90227338747,3283.4260879905523,False,195812.9310771891,4577.60203339837,False,-0.9391018918220588,72.59173347383104,192154.60744405823,872.5973754627564,0.0,0.0003387845529532,False,225609.0,1893.47021484375,False,233855.96484375,2664.3717124437258,False,231417.66796875,5409.949085744852,False,False,-1.1098591323615556,85.79111492744516,False,False
[GGH2002] EIS J033125.60-280359.5,52.85661880371,-28.066556688660004,2025071700590,-1,g,20250717,g_6,0.1103703175318564,52.8565997301444,-28.066582314264632,745539331614048321,0,1142.856674013656,429.32257187095394,0.03073585,0.035297956,52.8565997301444,-28.066582314264632,1.8914623e-06,1.789997e-06,56196.91250331023,712.6237720666458,50756.684820002745,433.0982360629914,False,55618.51868845781,562.7815178072634,False,57742.66618513472,785.521680908796,False,57883.66219981512,1138.38102266613,False,58964.22423727535,1584.2457832735274,False,0.4559831833406354,25.043737956259815,55749.70816340675,400.3797750609056,0.0,0.010638256161232,False,105887.984375,1071.4381103515625,False,109931.99169921876,1495.4966337777644,False,112257.62573242188,3016.1283813594205,False,False,0.8681126598011301,47.67892054547568,False,False
[GGH2002] EIS J033125.60-280359.5,52.85661880371,-28.066556688660004,2025071700592,-1,g,20250717,g_6,0.1042101022555686,52.85660032008237,-28.06658060367244,745539331882483770,0,1141.556135317711,428.2093501286185,0.031084651,0.039260887,52.85660032008237,-28.06658060367244,2.0576776e-06,1.8778385e-06,55454.8654939351,709.0303715937392,50834.76655548293,431.4458948496842,False,56007.73153659642,560.8306217522608,False,59434.76314440256,783.4077330973391,False,60710.09013582708,1134.557502997606,False,59026.929181977,1579.3939957775722,False,-0.3509303740219497,24.972604610653296,55737.00057158704,400.1247770206249,0.0,0.0130113684200768,False,106892.59375,1070.3636474609375,False,113433.19604492188,1495.159369200033,False,112654.83154296876,3014.3252749225835,False,False,-0.6697621359714048,47.661035472963526,False,False
[GGH2002] EIS J033125.60-280359.5,52.85661880371,-28.066556688660004,2025071700593,-1,g,20250717,g_6,0.112689971997049,52.85659702236275,-28.066581396129905,745539332016701508,0,1138.0039524205745,421.3970959718008,0.026247619,0.03864535,52.85659702236275,-28.066581396129905,1.9679553e-06,1.6971935e-06,56267.74554040119,696.8987785475426,51693.889606010205,426.8915042982044,False,56238.95957144234,553.9829734300781,False,58662.50964298347,772.3409094867519,False,58248.508847866186,1117.8459595147087,False,57382.176792588216,1555.8480889106404,False,-0.2718815183143536,24.90402846390951,55579.66586343914,372.7026024441124,0.0,0.0032039096314975,False,108569.5078125,1069.466064453125,False,113248.1796875,1491.006822413104,False,110776.4926494956,3003.57016792718,False,False,-0.524868220387448,48.077313902658354,False,False
[GGH2002] EIS J033125.60-280359.5,52.85661880371,-28.066556688660004,2025071700594,-1,g,20250717,g_6,0.0974059582226423,52.856603484116384,-28.06658012699244,745539332150919239,0,1137.2086957453284,419.95244011367583,0.026570845,0.033445563,52.856603484116384,-28.06658012699244,1.7549459e-06,1.6024563e-06,55668.231985562044,695.6098132436879,51141.4800513336,426.8467076900873,False,54990.362305123206,553.7086821973583,False,56532.43287939343,771.1863836696791,False,55659.49934689336,1119.4896143215572,False,54234.94223779551,1557.821739563262,False,-0.5427624005062698,24.95729809112632,54628.09343835472,373.1174816267466,0.0,0.0019880911476043,False,106048.703125,1067.8250732421875,False,109022.58032226562,1487.229987721117,False,104591.87841796876,3004.253259215642,False,False,-1.0467152109186817,48.130053797107,False,False
[GGH2002] EIS J033125.60-280359.5,52.85661880371,-28.066556688660004,2025071700595,-1,g,20250717,g_6,0.1020447302507462,52.85660161651203,-28.066580635980497,745539332285136972,0,1127.71457290455,416.7675500136913,0.028163398,0.031256285,52.85660161651203,-28.066580635980497,1.689162e-06,1.6199555e-06,55164.14495963586,691.2445981281927,51570.536205699165,424.59859449772426,False,55247.804759676605,550.4838665149,False,57264.10005927392,768.0599807741188,False,58424.72448800837,1114.1606298367024,False,57596.55707752578,1549.617671468855,False,-0.6592200109868703,24.279184729589183,55548.80005556795,365.2352145125631,0.0,0.0119205764003229,False,107035.0390625,1066.4869384765625,False,110941.33447265624,1488.0107979331417,False,111585.42431640624,3002.171556301671,False,False,-1.277148294555593,47.03758814022503,False,False
[GGH2002] EIS J033125.60-280359.5,52.85661880371,-28.066556688660004,2025071700602,-1,i,20250717,i_39,0.118257979496266,52.85659905493106,-28.06658453480617,745539333224661151,0,1045.3678415855122,379.7994674167449,0.009798837,0.011820785,52.85659905493106,-28.06658453480617,6.240529e-07,5.8245416e-07,169079.7391323443,987.545207165786,162882.07606406414,634.3999200349928,False,169992.2519953557,802.4878942006761,False,175389.89414486216,1097.5428383932424,False,179347.4229336231,1575.9112060491304,False,175343.02541205444,2182.260434983343,False,0.8180004878692306,34.59253882432723,169732.14455167323,519.9738289045432,0.0,0.000725602532497,False,277887.71875,1311.83349609375,False,286711.2883300781,1794.1622162863673,False,286634.6716308594,3567.3589053486494,False,False,1.3371920592979605,56.5487049370093,False,False
[GGH2002] EIS J033125.60-280359.5,52.85661880371,-28.066556688660004,2025071700603,-1,i,20250717,i_39,0.1252211523238609,52.85659634493466,-28.066585274722893,745539333358878875,0,1045.1105278816292,379.5654597111951,0.008890254,0.010275601,52.85659634493466,-28.066585274722893,5.4826637e-07,5.195901e-07,170110.30831732805,981.2359116295348,162893.65471566582,631.2441283391373,False,169424.0182734453,797.9320045960942,False,173013.11210015567,1091.6524500919793,False,173380.337314449,1564.1950813856336,False,170765.74562446246,2168.049764421017,False,0.5660327855424122,34.73742977914346,170156.3099213943,515.2518458131517,0.0,3.892775658709269e-05,False,278043.90625,1309.496337890625,False,283934.013671875,1791.524688082141,False,280245.83203125,3558.013979287693,False,False,0.928923586877576,57.00803680201672,False,False
[GGH2002] EIS J033125.60-280359.5,52.85661880371,-28.066556688660004,2025071700604,-1,i,20250717,i_39,0.1143631717622702,52.85660047525288,-28.066584031104338,745539333493096612,0,1043.9425361163362,378.83651499075904,0.0101571195,0.010503191,52.85660047525288,-28.066584031104338,5.779599e-07,5.706373e-07,168750.17414275918,985.546452782228,162110.27660338132,633.6137670368654,False,168378.587451596,801.2392433705116,False,172650.08849963953,1095.4914046219856,False,172773.48853999353,1572.7743758418685,False,174037.64085736443,2178.6250171797465,False,0.5455480600406005,33.99102677593644,170124.3127929189,516.8793718336714,0.0,0.0003403045852757,False,275718.6875,1312.0233154296875,False,282713.23876953125,1793.8590459831198,False,284985.3454589844,3567.4822991619712,False,False,0.8933309000813798,55.66005411544816,False,False
[GGH2002] EIS J033125.60-280359.5,52.85661880371,-28.066556688660004,2025071700605,-1,i,20250717,i_39,0.1161388332240075,52.85659923640195,-28.066583940007416,745539333627314335,0,1040.2999037277343,381.3066171379407,0.009954798,0.011151494,52.85659923640195,-28.066583940007416,5.999364e-07,5.750666e-07,170215.82509217452,983.4257192347484,162699.28548407563,632.323367516807,False,170264.3166778694,799.9875288453374,False,174293.45133065473,1095.2891052248233,False,175744.2674867839,1571.0031732100124,False,176106.21751331454,2175.6755436081794,False,1.6770511297481194,34.69680428162517,169825.58358581085,519.208071547006,0.0,0.0003076823643896,False,278556.28125,1308.7977294921875,False,285148.0368652344,1791.9178016747824,False,288113.7634277344,3559.454502617104,False,False,2.743693659855782,56.76475823313143,False,False
[GGH2002] EIS J033125.60-280359.5,52.85661880371,-28.066556688660004,2025071700606,-1,i,20250717,i_39,0.1184351756957446,52.85660063741097,-28.066585417772192,745539333761532070,0,1034.145192736553,378.1839491121869,0.009055847,0.010347579,52.85660063741097,-28.066585417772192,5.538066e-07,5.2701586e-07,169211.22173519657,976.0152279726962,162279.3376926694,628.4621391237496,False,168539.0588822173,793.9856239339323,False,172953.29396591723,1086.9490737870776,False,171652.3895554207,1557.119771874064,False,169620.82042418543,2155.918504785099,False,0.0945297301646831,33.15328354315173,170121.069864051,513.6206435984891,0.0,0.0005074923048232,False,276217.96875,1301.259765625,False,283452.4404296875,1781.3963557609404,False,277990.86328125,3533.325949081286,False,False,0.1549243850401573,54.33477971466466,False,False
[GGH2002] EIS J033125.60-280359.5,52.85661880371,-28.066556688660004,2025071700607,-1,i,20250717,i_39,0.118455973407234,52.85659816576959,-28.06658409419358,745539333895749790,0,1024.2536252525415,374.3168959569583,0.009790696,0.010484102,52.85659816576959,-28.06658409419358,5.7111055e-07,5.5660576e-07,169054.2702224998,974.8226750333808,162125.97660600717,627.4557448392561,False,169211.7012394917,792.8650651479575,False,172935.58129741147,1084.6205788194263,False,175194.39748930352,1555.6482194215462,False,173703.14653114282,2152.654704732328,False,1.2311776365435698,32.822954011249706,169304.16445444815,514.4679393351291,0.0,0.0004884466568525,False,276989.40625,1297.87255859375,False,283085.1745605469,1775.458836079643,False,284341.6328125,3523.7666435441347,False,False,2.0153639496350126,53.72920711954438,False,False
[GGH2002] EIS J033125.60-280359.5,52.85661880371,-28.066556688660004,2025071900574,-1,i,20250719,i_39,0.1233619491427998,52.85659353953375,-28.06658271282388,745548125558015150,0,1245.523395225788,3147.6355416672604,0.014368105,0.015330132,52.85659353953375,-28.06658271282388,8.513016e-07,8.007347e-07,169154.67842201595,960.7011933058242,160830.36157151044,620.5008682431538,False,167654.20832095284,782.6463916853111,False,170459.0747498535,1069.526264457783,False,170335.6492528952,1533.006616858602,False,169195.17802694257,2119.9875508002383,False,-0.4559198266074333,33.01459023378398,167225.2580378606,532.457872168241,0.0,8.567647875601381e-07,False,268343.125,1252.6842041015625,False,272832.52392578125,1711.8569402370897,False,270809.5625,3393.1989542056426,False,False,-0.7297338506832268,52.842325895978576,False,False
[GGH2002] EIS J033125.60-280359.5,52.85661880371,-28.066556688660004,2025071900575,-1,g,20250719,g_6,0.1236704917135832,52.85660999449912,-28.0665901505658,745548125692232684,0,1237.832503966833,3132.332498709947,0.022704726,0.025777837,52.85660999449912,-28.0665901505658,1.4305889e-06,1.2690358e-06,55942.341910150375,405.4251980056081,52054.13666763119,270.6809120255377,False,55851.79654546869,333.7899651678932,False,57698.14717291293,444.4417871389447,False,58185.93659134609,625.9941991000449,False,57935.79907262206,858.9213771993867,False,-0.2680829825324478,13.175203245498516,55640.32376101423,264.8857951044384,0.0,0.0051149233162629,False,106444.046875,636.1470336914062,False,109962.87786865234,847.0306301591073,False,110415.80206298828,1636.9583968909703,False,False,-0.5109206744288481,25.10970172122916,False,False
[GGH2002] EIS J033125.60-280359.5,52.85661880371,-28.066556688660004,2025071900576,-1,g,20250719,g_6,0.1090793974991115,52.85659946839684,-28.066581728323143,745548125826450428,0,1237.683998512001,3131.482486020761,0.022557735,0.02877021,52.85659946839684,-28.066581728323143,1.591786e-06,1.2668453e-06,56446.93581042692,406.43350970266886,52269.63701682036,271.0187378524185,False,56117.09871903112,334.2382786582129,False,57858.75464834237,445.7099643439466,False,57485.43941075514,627.2348615579884,False,57240.32532400634,860.937572877182,False,0.0797309434041644,13.21623737073277,55995.39527906034,266.0103307820585,0.0,0.0031334116785516,False,106887.796875,636.6329345703125,False,110205.1773071289,848.9561510029147,False,109027.23779296876,1639.8517120868817,False,False,0.151865742844369,25.1733344699018,False,False
[GGH2002] EIS J033125.60-280359.5,52.85661880371,-28.066556688660004,2025071900577,-1,g,20250719,g_6,0.1071552684460938,52.8566018813121,-28.06658243746825,745548125960668157,0,1236.64752729363,3131.5754396175544,0.023446321,0.026532087,52.8566018813121,-28.06658243746825,1.4719451e-06,1.3098382e-06,55764.82624917662,404.577280709902,52050.38118971041,270.08559515656475,False,55815.50529456549,333.0154579533967,False,57477.67403443144,444.3180018541849,False,58218.77016097015,625.6976466637026,False,56884.7840042407,858.2590482140278,False,-0.7096858097864901,13.244122536056294,55977.54226185629,265.5306035048509,0.0,0.0037180231647924,False,106698.3515625,636.6008911132812,False,109875.79595947266,849.3696888918295,False,108742.41217041016,1640.6700105060809,False,False,-1.356653597094447,25.317804345427174,False,False
[GGH2002] EIS J033125.60-280359.5,52.85661880371,-28.066556688660004,2025071900578,-1,g,20250719,g_6,0.1191436602400646,52.85659482689902,-28.066582138286734,745548126094885981,0,1233.7438487581603,3128.475821676045,0.020215627,0.0247902,52.85659482689902,-28.066582138286734,1.3736058e-06,1.1332812e-06,55716.67603112409,400.70268498783423,52699.21705427315,269.3394265521031,False,55570.93265253815,330.99489947449695,False,57252.07562277304,440.9192750231312,False,57315.56052234962,621.1369370884884,False,56802.38920962347,852.3816524677217,False,0.0712060457819004,13.05901292826918,56200.80226308781,259.8800771057268,0.0,0.0092679082847777,False,107080.3671875,637.7984619140625,False,110319.78387451172,849.6131991293247,False,109453.27716064452,1642.465511616041,False,False,0.1372078740511759,25.16358521835074,False,False
[GGH2002] EIS J033125.60-280359.5,52.85661880371,-28.066556688660004,2025071900579,-1,g,20250719,g_6,0.1058018623855786,52.85660081888332,-28.066581424977727,745548126229103532,0,1231.882201681072,3117.261743987105,0.026290081,0.0299364,52.85660081888332,-28.066581424977727,1.6608705e-06,1.4690256e-06,55279.84638064399,413.6277711861436,50643.00613057664,272.55177196572583,False,55318.74523350944,337.65919420476206,False,57872.13960652156,450.7510167022164,False,58808.30000932171,635.0651879027926,False,58083.62126361815,871.9840340705133,False,-0.4175345746216843,13.577331236869776,55329.11776490987,275.76117654188613,0.0,0.0021675290302339,False,104339.765625,636.8778076171875,False,109155.86492919922,850.1865911710963,False,109554.75225830078,1644.6976401870097,False,False,-0.7875352102160617,25.60896045432791,False,False
[GGH2002] EIS J033125.60-280359.5,52.85661880371,-28.066556688660004,2025071900580,-1,g,20250719,g_6,0.1105310728169402,52.85660379358345,-28.06658438793677,745548126363321345,0,1232.5069291297666,3113.739023458131,0.028694237,0.028346885,52.85660379358345,-28.06658438793677,1.5786799e-06,1.5960095e-06,55607.94307148831,410.9050164210333,51145.81215034046,271.7966670211047,False,55559.0424721816,336.1824455257102,False,57768.94359162325,448.2846230559863,False,57618.83194632202,631.9446785773387,False,56463.72582633895,867.1256320579214,False,-0.9123591696138172,13.283393082073884,55641.01638434191,272.9862923349618,0.0,0.0029133290306843,False,105503.796875,638.3933715820312,False,109700.28674316406,851.269707118615,False,107221.7445678711,1646.6274881456332,False,False,-1.7325236761626317,25.22448809738952,False,False
[GGH2002] EIS J033125.60-280359.5,52.85661880371,-28.066556688660004,2025071900586,-1,i,20250719,i_39,0.1149182000761317,52.85659823418495,-28.066582947996988,745548127168627966,0,1198.1382838358957,3125.849971899064,0.012610788,0.01250643,52.85659823418495,-28.066582947996988,6.958055e-07,7.010487e-07,168495.5189705758,955.225578760042,162793.56197339724,619.9728453985529,False,169027.76720724266,781.4541025781376,False,172382.6766349269,1065.6722186928357,False,173980.572627906,1527.3643253663004,False,175133.73640078586,2113.760771412695,False,0.401427451601716,33.890861802191175,168820.9227682648,516.0540568604418,0.0,9.696426720440243e-07,False,274769.53125,1270.322509765625,False,280223.2321777344,1732.3441043705104,False,284695.322265625,3436.1044101327866,False,False,0.6525556985690297,55.09258250822816,False,False
[GGH2002] EIS J033125.60-280359.5,52.85661880371,-28.066556688660004,2025071900587,-1,i,20250719,i_39,0.1075205309052356,52.85660218540858,-28.06658270775414,745548127302845654,0,1196.9782432482102,3124.387574555295,0.013539319,0.01344821,52.85660218540858,-28.06658270775414,7.481441e-07,7.526913e-07,169763.46574400156,961.630893245252,162230.63986137687,620.5846623764332,False,169195.31560081238,782.7270538417301,False,171296.1694371711,1068.432453321961,False,174446.7298735401,1528.5633421878558,False,175353.62642544857,2116.7615134951684,False,0.5735892297068492,34.54217876841517,168603.3966146192,526.1387355683073,0.0,3.909836955307e-05,False,274057.09375,1267.8359375,False,277459.98876953125,1730.6122925792947,False,284032.1262207031,3428.6617598741127,False,False,0.9290812617450828,55.95030271050461,False,False
[GGH2002] EIS J033125.60-280359.5,52.85661880371,-28.066556688660004,2025071900588,-1,i,20250719,i_39,0.1127004694827909,52.8565997387556,-28.066583090070843,745548127437063395,0,1196.3156592704106,3124.6211251144628,0.01388957,0.014120019,52.8565997387556,-28.066583090070843,7.850145e-07,7.727573e-07,168699.8345391823,959.1948831094912,161636.62411152342,619.0702071407884,False,169550.48720937202,781.4192618533962,False,175131.01687930763,1066.694996119481,False,176146.12395834757,1529.2282216549538,False,179230.3637559494,2116.8314385527,False,0.6931225717313003,33.39733133151546,167440.48315269448,527.4351684282573,0.0,0.0010061241680504,False,274937.8125,1267.125244140625,False,283987.0263671875,1729.719528765678,False,290634.4001464844,3432.588220334746,False,False,1.1239460694138566,54.15607687570844,False,False
[GGH2002] EIS J033125.60-280359.5,52.85661880371,-28.066556688660004,2025071900589,-1,i,20250719,i_39,0.1132721982124106,52.85659947608236,-28.06658313012312,745548127571281119,0,1193.9025859279477,3123.88742983624,0.013357776,0.013516618,52.85659947608236,-28.06658313012312,7.515277e-07,7.4302625e-07,168804.99920411216,956.7618326948214,162315.34100028724,619.537730052472,False,169204.78838022423,781.1027360363478,False,172936.3555588623,1063.1025331395513,False,175731.90728537345,1526.8352906424643,False,178241.73310521,2112.599419376219,False,1.0601123567753368,33.3403480974598,166989.52595654078,522.0925463470007,0.0,0.0013352650323177,False,274675.90625,1267.99072265625,False,280733.4865722656,1725.7706151352943,False,289345.8869628906,3429.454719428064,False,False,1.7209165598183591,54.12252464026928,False,False
[GGH2002] EIS J033125.60-280359.5,52.85661880371,-28.066556688660004,2025071900590,-1,i,20250719,i_39,0.116002784177578,52.85659768890678,-28.066582978960597,745548127705498905,0,1194.9079637424356,3121.7249320276687,0.012411162,0.012471381,52.85659768890678,-28.066582978960597,6.936816e-07,6.9023355e-07,169204.43556693266,951.004610233407,162240.3151059053,615.2390014881818,False,168451.97537225214,774.9548507780016,False,171542.48551052163,1057.315084312344,False,173245.30004090248,1513.1646159355373,False,171655.20597876015,2094.027081451832,False,-0.2837396488106488,32.22902956860811,167601.8696877032,510.8805575567609,0.0,1.8478190696114005e-05,False,274107.90625,1261.0196533203125,False,279136.8366699219,1720.481005740337,False,279320.25732421875,3407.4363192187834,False,False,-0.4617059603113957,52.44362255769492,False,False
[GGH2002] EIS J033125.60-280359.5,52.85661880371,-28.066556688660004,2025072100524,-1,g,20250721,g_6,0.0895710855917215,52.85661024870345,-28.066580396683733,745556914941198945,0,3496.20487505742,2117.212030713305,0.028811868,0.021946644,52.85661024870345,-28.066580396683733,1.3508405e-06,1.4955576e-06,55109.93931984296,413.4189026970355,51421.130878296506,275.0990555176909,False,54968.41981873666,340.05932754644846,False,57028.60035787806,454.4690544590744,False,56554.7123865153,641.7113670720613,False,55187.7942365485,880.7427145466079,False,-0.3348922119928356,13.532171148516507,55279.24421028378,269.1826596929024,0.0,0.0009864443522216,False,103446.2421875,639.9649047851562,False,107323.33990478516,855.2750111669126,False,103859.08758544922,1657.4885080252714,False,False,-0.6302407997675397,25.46648163742524,False,False
[GGH2002] EIS J033125.60-280359.5,52.85661880371,-28.066556688660004,2025072100525,-1,g,20250721,g_6,0.1277970788105133,52.856594586929965,-28.066585035820165,745556915075416662,0,3495.105531919034,2116.638901089858,0.029746309,0.024826132,52.856594586929965,-28.066585035820165,1.4718782e-06,1.5754946e-06,55541.98855354797,420.35325799406417,51406.88849703697,278.6744954060655,False,55371.96598621379,345.1523623910012,False,57396.77921974218,461.6835121195745,False,57950.12849446676,651.6412615868336,False,57676.54107582924,895.4350820538931,False,-0.063434388284118,13.99221018390833,55696.56329688795,277.1931977934412,0.0,0.0002111930198133,False,102502.359375,638.9321899414062,False,106250.6123046875,854.6499737534184,False,106768.49621582033,1657.5934580419755,False,False,-0.1174271916993309,25.901817484295112,False,False
[GGH2002] EIS J033125.60-280359.5,52.85661880371,-28.066556688660004,2025072100526,-1,g,20250721,g_6,0.0988483699571948,52.856606811017045,-28.066582025365275,745556915209634393,0,3495.3790941884904,2116.655543754637,0.030684154,0.025168877,52.856606811017045,-28.066582025365275,1.5023063e-06,1.618649e-06,55752.28209706811,413.90314714844766,51327.57620887671,274.6470737593684,False,55479.25897389933,340.1418003954964,False,57187.67304311736,454.5872943117672,False,56910.21143769071,641.0868458626738,False,56142.4207835887,880.8084910563517,False,-0.1453251726997413,13.619554517082696,55813.53154892463,275.0400067584152,0.0,0.009403965952349,False,104341.9375,639.717529296875,False,107555.01635742188,854.9594916847669,False,105589.17095947266,1656.5697924427714,False,False,-0.2733185404323247,25.614810516266072,False,False
[GGH2002] EIS J033125.60-280359.5,52.85661880371,-28.066556688660004,2025072100527,-1,g,20250721,g_6,0.1038913780777793,52.85660063940091,-28.06658068703161,745556915343852170,0,3485.1539953210163,2114.370605528158,0.025595073,0.022184217,52.85660063940091,-28.06658068703161,1.2964659e-06,1.3680128e-06,55269.21968405198,406.40328175922014,52616.61043701697,273.01171554516543,False,55530.925974734615,336.0773080855016,False,56878.69494221587,447.94866565512734,False,57468.89422329506,631.9851641976038,False,57334.73437948979,867.7426904753426,False,-0.3409279141579862,13.63792286411774,55664.08826671273,261.9688453139063,0.0,0.0020798210254995,False,105806.40625,640.3482666015625,False,108374.39135742188,853.5034787465262,False,109243.31066894533,1653.3622304565015,False,False,-0.6495904174869543,25.9851529870676,False,False
[GGH2002] EIS J033125.60-280359.5,52.85661880371,-28.066556688660004,2025072100528,-1,g,20250721,g_6,0.1063111072332243,52.85660372333299,-28.066583051456067,745556915478070011,0,3477.3664028254143,2114.0396211931834,0.022327794,0.021563575,52.85660372333299,-28.066583051456067,1.214133e-06,1.2290963e-06,55395.44933552663,402.2058354091334,53018.08276319208,271.52569932896773,False,55476.39682245161,333.4882436207908,False,57047.88349580352,444.2947695822669,False,57076.5916901084,625.9759858296378,False,57590.56557599404,860.0534852463861,False,0.2619320276523447,12.90562931835908,55385.66680742511,254.6219687173415,0.0,8.090959260353969e-07,False,106406.9140625,639.6495971679688,False,109421.11572265624,852.1828754787773,False,110462.01110839844,1649.6319612583227,False,False,0.5024006668244848,24.753737958074343,False,False
[GGH2002] EIS J033125.60-280359.5,52.85661880371,-28.066556688660004,2025072100529,-1,g,20250721,g_6,0.1081064742873863,52.85660748128859,-28.066585007504,745556915612287676,0,3470.120118373671,2113.710882262551,0.024750458,0.021571333,52.85660748128859,-28.066585007504,1.2583936e-06,1.3247115e-06,55120.62840478241,404.936226440439,52567.68508830318,271.82737443995524,False,55305.483999901095,334.401063873987,False,56772.40901781344,445.8876596849311,False,57624.22579824804,628.6078882221044,False,57960.80602451136,863.7597201915756,False,-0.114823459039614,13.266604935865034,54828.90872059973,256.25448278170364,0.0,3.686138983161058e-05,False,105643.5625,638.7670288085938,False,108445.65686035156,851.7267626477691,False,110715.7119140625,1649.938620647537,False,False,-0.2193337512702962,25.341635337779028,False,False
[GGH2002] EIS J033125.60-280359.5,52.85661880371,-28.066556688660004,2025072100530,-1,i,20250721,i_39,0.1157622171610494,52.856599782691504,-28.06658411694473,745556915746505660,0,3471.180848568673,2114.792534837085,0.010853452,0.011071977,52.856599782691504,-28.06658411694473,6.120417e-07,6.071445e-07,169111.1574788842,869.7388778099981,163379.95099114784,574.0424766642025,False,168344.60112058854,714.8336028249455,False,170972.01038013247,966.95905854846,False,171029.8468982772,1376.828988202939,False,171862.5280403377,1898.9451894489891,False,0.4337317106322852,29.88946207531844,167829.41747471143,485.25435556479306,0.0,0.0009874818134684,False,271121.9375,1151.2520751953125,False,275353.42626953125,1557.3045508542407,False,276787.62060546875,3058.284587344268,False,False,0.6985325395590174,48.1375037556938,False,False
[GGH2002] EIS J033125.60-280359.5,52.85661880371,-28.066556688660004,2025072100531,-1,i,20250721,i_39,0.1190361740073553,52.85659960806838,-28.06658508636046,745556915880723359,0,3471.343584495395,2114.615021998401,0.01204271,0.012060746,52.85659960806838,-28.06658508636046,6.704776e-07,6.697661e-07,169824.95670062615,878.2930695394512,162946.0201528886,577.6268641586505,False,169335.74555118784,720.6548757791562,False,172574.33112960804,975.7551036466884,False,173955.03529817006,1390.480829866444,False,170859.00543162247,1917.5401227204136,False,-0.552042193199551,29.930925711431534,171226.9865472101,505.10173289666375,0.0,0.0015261236326965,False,270936.0,1153.042724609375,False,276117.7141113281,1561.201292149534,False,273373.205078125,3068.050688283834,False,False,-0.883263620270306,47.88927029054871,False,False
[GGH2002] EIS J033125.60-280359.5,52.85661880371,-28.066556688660004,2025072100532,-1,i,20250721,i_39,0.1182325859142537,52.85660102785942,-28.06658554328349,745556916014941000,0,3471.5405748874027,2116.8579680741013,0.0139915235,0.013987906,52.85660102785942,-28.06658554328349,7.77685e-07,7.775095e-07,168634.28485459025,891.8056720601469,160870.27744342925,581.6742582198883,False,168723.03882877214,727.3527122987053,False,173306.4690114845,985.1036915822884,False,174689.6879500733,1402.8407949679788,False,175584.65507699805,1937.9647385684052,False,0.4321912985809543,30.00073440476547,167984.74062310104,516.9224416247511,0.0,5.463358350255021e-05,False,267724.09375,1154.1390380859375,False,274996.9279785156,1563.1297000660295,False,278611.8776855469,3075.097846472671,False,False,0.6857867457961533,47.60416530016058,False,False
[GGH2002] EIS J033125.60-280359.5,52.85661880371,-28.066556688660004,2025072100533,-1,i,20250721,i_39,0.1207303341566223,52.856600118185206,-28.066585891713967,745556916149158823,0,3473.252816890863,2119.7315068930448,0.012099819,0.012050559,52.856600118185206,-28.066585891713967,6.711837e-07,6.718e-07,168882.85308382494,880.698944627925,162284.01210509698,578.7196288519382,False,168848.31918736914,722.486061849438,False,172376.06135188194,978.206886400075,False,172359.2612542976,1393.26466585706,False,172234.93979973087,1922.9186125772185,False,-0.384335272133173,29.682844802524585,170337.55220582878,504.199429095267,0.0,0.0054982982228595,False,270149.65625,1155.9449462890625,False,275793.8837890625,1565.086672903827,False,275568.095703125,3076.5826078967702,False,False,-0.6149190122307941,47.491206063033,False,False
[GGH2002] EIS J033125.60-280359.5,52.85661880371,-28.066556688660004,2025072100534,-1,i,20250721,i_39,0.1164562874349821,52.85659764589719,-28.06658310643024,745556916283376576,0,3474.5747584783308,2163.421294191773,0.012687085,0.012842158,52.85659764589719,-28.06658310643024,7.1142006e-07,7.0799786e-07,169134.52373663225,876.1895989913405,163162.86747035247,576.9974413646436,False,168852.8926668719,719.5491936009607,False,171983.63286757158,975.4694929797168,False,173319.93101243692,1388.7944772637516,False,172229.1944927102,1914.1447260799928,False,0.1018511983851573,29.61501123946764,167082.9063845067,498.0095536304075,0.0,0.0074216890792528,False,270885.375,1154.35009765625,False,275907.9228515625,1564.914969672374,False,276301.86962890625,3070.8020676401543,False,False,0.1633966681470761,47.51042933602249,False,False
[GGH2002] EIS J033125.60-280359.5,52.85661880371,-28.066556688660004,2025072100535,-1,i,20250721,i_39,0.1222341506034186,52.85659595362699,-28.066584007608192,745556916417594302,0,3472.790988545766,2163.711358941175,0.011666081,0.011444858,52.85659595362699,-28.066584007608192,6.4060913e-07,6.44618e-07,168008.48924946733,868.3546266064961,162848.74939080092,573.583881215526,False,168264.37320635928,714.6806574074487,False,171946.35513861806,966.8620203903188,False,173139.9549341039,1375.684082271766,False,171306.13529074454,1898.0793116571024,False,-0.5481471470792121,29.852230792001865,168255.97637807784,488.733032129652,0.0,0.0001756257811761,False,270941.625,1150.7886962890625,False,276870.4033203125,1556.854620877259,False,275839.5124511719,3056.3136050705043,False,False,-0.8826341306761116,48.068475616883234,False,False
[GGH2002] EIS J033125.60-280359.5,52.85661880371,-28.066556688660004,2025072200465,-1,r,20250722,r_57,0.1302577645729052,52.856608297683024,-28.066591663592103,745561305067815282,0,2678.455006392019,3083.982869457541,0.053021703,0.043275278,52.856608297683024,-28.066591663592103,2.4082808e-06,2.9473968e-06,122575.18843028296,1777.7381562963856,110402.1443503968,1079.8399283159692,False,122911.73744944172,1401.4984269806296,False,128283.3225785786,1951.4201214691816,False,129612.34852050224,2823.411839279965,False,126451.8890071356,3928.9292945019415,False,-1.7348134128973842,62.78586177751029,122837.3025980826,1064.091530835859,0.0,0.0050011316248943,False,75751.75,863.7576904296875,False,79062.31237792969,1202.6800064339543,False,77933.58129882812,2421.438959865092,False,False,-1.069183095751986,38.69556320331812,False,False
[GGH2002] EIS J033125.60-280359.5,52.85661880371,-28.066556688660004,2025072200466,-1,r,20250722,r_57,0.1446564314148556,52.85659199021886,-28.06658916653663,745561305202032988,0,2677.3120123211897,3082.031360245981,0.043850414,0.047847535,52.85659199021886,-28.06658916653663,2.6614912e-06,2.438847e-06,127229.80529985324,1969.4570923810368,112863.02938283148,1196.560716400425,False,125621.44400757633,1556.65391784371,False,129927.59595785436,2170.446722402248,False,128469.7777698533,3145.982610096984,False,129337.14527917116,4377.243637261517,False,-0.0405168955619147,68.95420479298454,123300.95144880454,1156.492487533274,0.0,0.0139849666113234,False,69271.1875,858.3826293945312,False,71645.72045898438,1196.8451967262758,False,71320.12939453125,2413.7349090784,False,False,-0.0223421525803989,38.02328246473711,False,False
[GGH2002] EIS J033125.60-280359.5,52.85661880371,-28.066556688660004,2025072200467,-1,r,20250722,r_57,0.1482950594168104,52.856592806743976,-28.06659090322577,745561305336250696,0,2677.795455288933,3081.381103409271,0.05254961,0.053480707,52.856592806743976,-28.06659090322577,2.9751384e-06,2.9219552e-06,127430.54070910714,2127.424276072496,113333.34958537562,1281.6814830782423,False,126085.21924774654,1669.9733914466249,False,129350.26239138591,2330.835430958959,False,130548.97130017252,3384.3045732911355,False,130730.87717111928,4716.263347035647,False,-0.0412685870484001,74.92479210261871,126207.4757064017,1265.758402250252,0.0,0.0014719849844038,False,64467.76171875,853.862548828125,False,66137.18835449219,1191.7633491474278,False,66843.10095214844,2411.440004415922,False,False,-0.0211007559187259,38.30927743090579,False,False
[GGH2002] EIS J033125.60-280359.5,52.85661880371,-28.066556688660004,2025072200468,-1,r,20250722,r_57,0.1293738091175051,52.85660740776154,-28.06659119026831,745561305470468520,0,2675.632982795995,3067.6164346944106,0.04335991,0.041754976,52.85660740776154,-28.06659119026831,2.3232972e-06,2.4109142e-06,127387.4521587262,1582.6846735344666,115431.32815414332,977.0485660692552,False,125866.3409430474,1260.629583591597,False,128100.15248880234,1750.828823196808,False,132400.16740456858,2531.6609693497057,False,132605.2133236743,3517.860884951533,False,-0.1531770519648632,55.66609536834776,125244.90216781678,922.5991959736084,0.0,0.0067650809515085,False,86623.65625,867.5897216796875,False,88161.00866699219,1204.9543428120912,False,91261.47888183594,2421.060068563112,False,False,-0.1054194171005305,38.31048613822305,False,False
[GGH2002] EIS J033125.60-280359.5,52.85661880371,-28.066556688660004,2025072200469,-1,r,20250722,r_57,0.1323248932645428,52.85658968298593,-28.06658297130729,745561305604686225,0,2674.088946431039,3053.493079789836,0.040684216,0.04286216,52.85658968298593,-28.06658297130729,2.3840482e-06,2.2623544e-06,126554.02701310444,1988.5228516211512,117730.11768885163,1218.9858324393629,False,125566.198843713,1580.5864335164815,False,129110.94047363575,2205.547582874049,False,129192.31791150512,3194.5440790785256,False,127820.92810450857,4449.6670954749525,False,0.1399283564203055,70.19256917594393,125908.38962695748,1066.2427243115,0.0,0.0018042282314831,False,67957.421875,855.4259033203125,False,69875.86413574219,1193.6598299141936,False,69177.69921875,2408.195093863332,False,False,0.075730335369678,37.98877468543022,False,False
[GGH2002] EIS J033125.60-280359.5,52.85661880371,-28.066556688660004,2025072200470,-1,r,20250722,r_57,0.1308113681141469,52.8565980169075,-28.066588055846665,745561305738904061,0,2672.504530163891,3040.1872603069187,0.029393788,0.031542264,52.8565980169075,-28.066588055846665,1.7547405e-06,1.634598e-06,123681.47382562912,1441.411208728704,116927.40815204495,900.7452645820608,False,124236.45238802583,1156.334703330176,False,128802.9340048624,1602.041468018952,False,131695.15736309014,2310.7952341222285,False,131477.74349867995,3211.3804980315203,False,-0.1013529658645162,49.87609173416244,125463.51947743514,789.174138123196,0.0,0.0055644811088714,False,93415.0078125,869.463134765625,False,96848.60485839844,1204.5958603480165,False,98859.8289794922,2414.678852673343,False,False,-0.0762086160387365,37.502483445453024,False,False
[GGH2002] EIS J033125.60-280359.5,52.85661880371,-28.066556688660004,2025072200474,-1,z,20250722,z_20,0.1087396879589833,52.85660240497116,-28.066583202459608,745561306275775028,0,2663.4729982550066,3007.706601423053,0.03262072,0.036443062,52.85660240497116,-28.066583202459608,2.0264558e-06,1.8136445e-06,199625.5662705128,3256.318654930554,183971.59785847197,1959.514815347631,False,195526.49360433224,2578.277838150329,False,198109.81814199075,3644.467493195072,False,198416.4456853779,5320.237451848335,False,190478.9168500285,7424.200458994855,False,-1.0654416292049278,118.84048779268572,191375.2406255831,1444.1983237267318,0.0,0.0019353873373203,False,122435.3203125,1614.47314453125,False,124052.95361328124,2282.1027302867046,False,119274.61474609376,4648.906368160352,False,False,-0.6671611848671074,74.41586518927292,False,False
[GGH2002] EIS J033125.60-280359.5,52.85661880371,-28.066556688660004,2025072200478,-1,z,20250722,z_20,0.1169935071869759,52.85659615317404,-28.06658231399685,745561306812646088,0,2613.686746887235,2985.89604013011,0.017461304,0.022669736,52.85659615317404,-28.06658231399685,1.2606032e-06,9.707951e-07,189200.02639871335,2630.892385145759,186190.08524110104,1605.4886746224286,False,190593.69694139468,2101.409509813063,False,194155.33348136343,2958.593555432756,False,198211.60271377716,4311.238919332852,False,193491.6634667669,6017.292001482621,False,0.6635311031633309,96.46612165161528,190474.59511605935,1045.3884315087785,0.0,1.374011945753928e-05,False,144979.921875,1598.4903564453125,False,147689.1708984375,2250.529106733327,False,147184.33349609375,4577.205533414158,False,False,0.5047317358445081,73.37939819140949,False,False
[GGH2002] EIS J033125.60-280359.5,52.85661880371,-28.066556688660004,2025072200479,-1,z,20250722,z_20,0.1118892608723305,52.85659148252794,-28.0665763044769,745561306946863685,0,2613.5678586589124,2985.8283631034724,0.023091318,0.029008104,52.85659148252794,-28.0665763044769,1.6126479e-06,1.2838198e-06,188328.0479535135,3481.704454400742,181592.358436997,2111.171611161901,False,186842.65211545548,2777.9633173307147,False,189046.21159096327,3921.8507633955546,False,193966.54436356635,5733.029339474378,False,183045.1883595728,8011.656863271562,False,-2.2163673270411057,128.48487496395265,189772.359962383,1337.6103062377256,0.0,0.002287738874244,False,105861.015625,1573.93408203125,False,107109.5048828125,2222.036030007692,False,103709.45458984376,4539.231930088693,False,False,-1.2557459101664603,72.7967581391982,False,False
[GGH2002] EIS J033125.60-280359.5,52.85661880371,-28.066556688660004,2025072200480,-1,z,20250722,z_20,0.1171350550686301,52.856601457851895,-28.066585401303715,745561307081081478,0,2616.379246544653,2985.417689033476,0.020809283,0.024443839,52.856601457851895,-28.066585401303715,1.3594724e-06,1.1568309e-06,185539.40349060117,3090.203672096312,180929.1911523616,1877.763414055218,False,184072.2247307226,2466.733408871544,False,187463.2264929693,3486.8469650344973,False,186325.8452358446,5090.595527105091,False,187456.05333858955,7103.827266487104,False,0.7759894054567549,111.9035996370738,186963.2695582868,1181.5426627945972,0.0,0.000741993952009,False,117630.84375,1576.359130859375,False,119797.85400390624,2228.2598644317723,False,119793.27001953124,4539.681075912282,False,False,0.4958938733884047,71.51168441207068,False,False
[GGH2002] EIS J033125.60-280359.5,52.85661880371,-28.066556688660004,2025072200481,-1,z,20250722,z_20,0.1112015561920981,52.8566021729767,-28.066583869443487,745561307215299176,0,2620.8554300894534,2982.038932546101,0.020298097,0.023924869,52.8566021729767,-28.066583869443487,1.3303595e-06,1.1284608e-06,186229.87434323592,3178.1305199918365,183063.57071410576,1936.6076085763996,False,186931.69754676212,2543.9188235984343,False,191623.03079379,3583.0207757368757,False,189812.7473286336,5241.210367928579,False,195518.1065452376,7317.275121196777,False,0.9455176020947188,118.2128693787415,190151.41690179685,1206.4071020392705,0.0,3.649652802195647e-10,False,115502.53125,1571.8525390625,False,118401.24169921876,2213.8993790254376,False,120807.95556640624,4521.243905889503,False,False,0.5842223540288068,73.0421101330589,False,False
[GGH2002] EIS J033125.60-280359.5,52.85661880371,-28.066556688660004,2025072200482,-1,z,20250722,z_20,0.1151137840832847,52.85660031743084,-28.066584190951342,745561307349517030,0,2624.188473757586,2978.92788894603,0.017718129,0.02090553,52.85660031743084,-28.066584190951342,1.1622847e-06,9.849223e-07,195517.5966153271,2628.415249247152,186490.14225272508,1607.479928817777,False,193002.67583244,2104.1841194750264,False,193757.2139803937,2955.926415160516,False,190451.14409277888,4314.890429876027,False,188142.612603022,6019.187129149936,False,-1.4284773413235694,94.89367883927233,190181.9054430755,1034.8298869387786,0.0,9.352674233076286e-06,False,145466.21875,1585.9246826171875,False,146034.91455078125,2227.883300902766,False,141803.1865261197,4536.664519544136,False,False,-1.076644126907314,71.52141587928016,False,False
[GGH2002] EIS J033125.60-280359.5,52.85661880371,-28.066556688660004,2025072300445,-1,i,20250723,i_39,0.6704460583449511,52.8564758040414,-28.066693660613648,745565700431020561,0,4086.0,1699.0,0.13229167,68.10656,52.8564758040414,-28.066693660613648,0.0030958566,0.0021767938,,,41623.47706117147,870.3568214817412,True,,,True,,,True,,,True,,,True,-0.0485018083648033,51.41835246871832,40578.67855385784,538.1797916883335,,,True,,,True,,,True,,,True,True,-0.0578835550573613,61.36424880688956,True,False
[GGH2002] EIS J033125.60-280359.5,52.85661880371,-28.066556688660004,2025072300446,-1,i,20250723,i_39,0.8519493362228484,52.85642020414736,-28.06671572900845,745565700565238249,0,4085.619612407385,1698.2380168481243,0.1481821,0.13369499,52.85642020414736,-28.06671572900845,7.707594e-06,7.974888e-06,,,40505.47331489278,865.211626208111,True,,,True,,,True,,,True,,,True,-1.752916955019059,50.98160591067498,40983.40072972157,585.1437911857249,,,True,,,True,,,True,,,True,True,-2.104939375773528,61.21977964459896,True,False
[GGH2002] EIS J033125.60-280359.5,52.85661880371,-28.066556688660004,2025072300447,-1,i,20250723,i_39,0.5034710026525957,52.85651276260559,-28.066660627982817,745565700699456003,0,4085.586162234156,1694.6321301914336,0.07893028,0.13344939,52.85651276260559,-28.066660627982817,6.5700883e-06,5.5729897e-06,,,80223.80828875207,899.578153862551,True,,,True,,,True,,,True,,,True,-0.2548223244474065,53.24477673453514,82405.03021261205,602.757808179187,,,True,,,True,,,True,,,True,True,-0.3007025768256066,62.831392819679536,True,False
[GGH2002] EIS J033125.60-280359.5,52.85661880371,-28.066556688660004,2025072300450,-1,i,20250723,i_39,0.8371650377511622,52.85644755420364,-28.066733445892687,745565701102109147,0,4085.743512510543,1693.9331907556216,0.12079097,0.09250498,52.85644755420364,-28.066733445892687,5.710724e-06,6.2348813e-06,,,31269.163073531712,884.0038625976321,True,,,True,,,True,,,True,,,True,-0.6115796388408216,51.91547640467654,31723.990755855928,577.6778846491143,,,True,,,True,,,True,,,True,True,-0.7062620870604421,59.95283424706555,True,False
[GGH2002] EIS J033125.60-280359.5,52.85661880371,-28.066556688660004,2025072800366,-1,z,20250728,z_20,0.1175763837190766,52.85659867047198,-28.066584094243694,745587680060900261,0,403.55735477023705,2738.009105765815,0.01937445,0.017804202,52.85659867047198,-28.066584094243694,1.032968e-06,1.0357945e-06,192596.78832542824,1365.1141811844568,184053.06635472292,868.3645543120755,False,191331.1142842428,1107.2028421612456,False,194088.34816049787,1524.6972756698328,False,191597.25747862968,2195.137330691687,False,190363.88720350488,3047.259944236503,False,-1.8371087634442087,47.95855538921951,194085.5970136275,744.1910560661039,0.0,0.0076997422059466,False,218949.109375,1267.0238037109375,False,222104.34057617188,1744.782137621678,False,217842.26635742188,3487.121544870665,False,False,-2.102289160264631,54.8812096174887,False,False
[GGH2002] EIS J033125.60-280359.5,52.85661880371,-28.066556688660004,2025072800368,-1,z,20250728,z_20,0.1146901947011914,52.85659744235325,-28.066582372525808,745587680329335604,0,398.8373473818808,2735.107815754862,0.023315968,0.022178272,52.85659744235325,-28.066582372525808,1.2642091e-06,1.2660321e-06,191430.69570123276,1409.9734562980525,182260.64777496463,892.0632608489617,False,192843.543284979,1140.7501234722574,False,200010.7660163936,1571.8456665240938,False,205163.3787045853,2268.0194693773374,False,208556.1519230045,3147.545005221229,False,1.6914424491250537,50.54066535053093,191974.2595349117,800.3743097593621,0.0,0.002550282431964,False,213774.203125,1264.563720703125,False,221719.33471679688,1742.4490811191497,False,231192.21118164065,3489.1701004316333,False,False,1.8750265398264516,56.02619759351112,False,False
[GGH2002] EIS J033125.60-280359.5,52.85661880371,-28.066556688660004,2025072800369,-1,z,20250728,z_20,0.1163842564350929,52.85660012863644,-28.066584502452866,745587680463553338,0,397.8636951570842,2734.974623912553,0.023797657,0.021261053,52.85660012863644,-28.066584502452866,1.2521324e-06,1.2568487e-06,191440.6916546152,1380.2915894791568,181393.25196678168,873.0570782581988,False,191863.67188045944,1115.6092044604943,False,196329.1894455047,1533.7748540122957,False,201058.6157446482,2213.950784092228,False,203878.805088712,3073.411463739097,False,1.120752452681551,47.94654056609255,191214.1928440142,788.2999998270705,0.0,2.3653300373904787e-07,False,217624.3125,1265.3968505859375,False,222689.39428710935,1739.7076521196743,False,231252.66162109372,3486.064090562,False,False,1.2712306587641822,54.38409900729075,False,False
[GGH2002] EIS J033125.60-280359.5,52.85661880371,-28.066556688660004,2025072800370,-1,z,20250728,z_20,0.1161539306231728,52.85659887803747,-28.06658374206359,745587680597771142,0,389.2295384316192,2736.272883722335,0.021425785,0.02110431,52.85659887803747,-28.06658374206359,1.1821343e-06,1.1823334e-06,191368.7991354729,1384.4734152264912,181824.7201587974,874.132449380634,False,192827.90196371087,1116.8980041834036,False,200233.8050317089,1541.718262495588,False,204194.58932803705,2219.9112044216613,False,206966.8490499195,3077.765141724894,False,1.4259573955635052,47.73004954701064,191369.73062965716,763.4772489178636,0.0,4.866921373691824e-07,False,218000.921875,1262.7052001953125,False,226373.64013671875,1742.9842832538457,False,233985.65991210935,3479.556803646793,False,False,1.612111232978204,53.961043481902045,False,False
[GGH2002] EIS J033125.60-280359.5,52.85661880371,-28.066556688660004,2025072800371,-1,z,20250728,z_20,0.115336447398349,52.85659564515504,-28.066581363181943,745587680731988874,0,379.4217522020506,2738.161993432348,0.018975804,0.01934715,52.85659564515504,-28.066581363181943,1.0658073e-06,1.0647155e-06,192688.5237751284,1379.1068887060114,183690.7795309228,873.6347696324533,False,192068.65336554864,1114.774710572688,False,197261.9408286209,1535.6513230330445,False,198499.62960744047,2213.800852664058,False,198609.43920674323,3074.256369181894,False,-0.015355781092339,49.43753689689578,194987.25259422368,754.8974983016103,0.0,0.0008671324401212,False,218410.671875,1267.6649169921875,False,224316.21337890625,1746.2643245123154,False,225848.51977539065,3495.887472231602,False,False,-0.0174618106951583,56.21784429833927,False,False
[GGH2002] EIS J033125.60-280359.5,52.85661880371,-28.066556688660004,2025072800396,-1,r,20250728,r_57,0.1188411594855871,52.85659797381835,-28.06658410978788,745587684087432622,0,360.1678323123002,2677.3692115474337,0.0116864545,0.010944318,52.85659797381835,-28.06658410978788,6.2882253e-07,6.300814e-07,124290.0874214018,486.0544806585489,119295.9247558126,345.114734691922,False,124591.9828336862,410.3991699871228,False,127660.01856198744,529.2914539126923,False,129674.26762258173,729.2537865245657,False,130129.23206834465,989.9855269901738,False,0.4426028804078582,15.308247492850748,125146.86001372508,345.4293253331544,0.0,2.378352246112936e-05,False,250397.203125,824.794677734375,False,256563.1501464844,1063.7369811717108,False,261525.62158203125,1989.6112210002184,False,False,0.8895156881573615,30.76556187465013,False,False
[GGH2002] EIS J033125.60-280359.5,52.85661880371,-28.066556688660004,2025072800397,-1,r,20250728,r_57,0.1153491072200665,52.856597914273934,-28.06658289708989,745587684221650239,0,357.65079683162173,2675.1749217885463,0.013695506,0.011445,52.856597914273934,-28.06658289708989,6.995066e-07,7.0385096e-07,124790.80039925042,487.5593646380635,119155.18198311144,345.67061737760787,False,124881.43713251127,411.5153012864431,False,127990.69198925678,530.6282277369626,False,129852.78997417288,731.1748105568989,False,129952.73915542784,992.2869139234658,False,0.3926017754338052,15.343953989145158,124932.5199375583,346.1157137194688,0.0,0.0002283169263779,False,250105.453125,824.1594848632812,False,256332.4922485352,1062.7120922563329,False,260261.96893310547,1987.2959019001128,False,False,0.7862805489526864,30.7300000168338,False,False
[GGH2002] EIS J033125.60-280359.5,52.85661880371,-28.066556688660004,2025072800398,-1,r,20250728,r_57,0.121285996036129,52.85659833545032,-28.066585128872063,745587684355868013,0,356.0135178666343,2674.3585349506943,0.012513271,0.01179829,52.85659833545032,-28.066585128872063,6.75476e-07,6.767567e-07,125045.7129714941,487.655902733945,119554.00358949862,346.1413466997256,False,125160.86339720363,411.837542721613,False,128862.59493494224,531.2680645355695,False,130620.77234879092,730.8656225505136,False,131355.02321844368,991.8374715027338,False,0.3733735165919701,15.36740256918442,125291.76567938594,347.82063483642173,0.0,9.626696535447454e-05,False,250143.125,823.08740234375,False,257541.3057861328,1061.7780212484388,False,262522.6057128906,1982.259612786719,False,False,0.7462142374022761,30.712876193491518,False,False
[GGH2002] EIS J033125.60-280359.5,52.85661880371,-28.066556688660004,2025072800399,-1,r,20250728,r_57,0.116694955687556,52.85659932713079,-28.066584172932348,745587684490085780,0,355.5879414325767,2673.7165135804566,0.01254504,0.01075374,52.85659932713079,-28.066584172932348,6.478532e-07,6.5124954e-07,125241.26848964868,483.6919692117146,119608.2606828038,344.30606205083126,False,125232.7487994776,409.4485133372352,False,128616.1255212791,528.4178664028419,False,129695.53834433366,726.8572534610149,False,130247.59285084283,986.7333914691868,False,0.3801362096883938,14.878440451585153,125699.35659902364,347.1186838993161,0.0,5.604237265910417e-05,False,252197.875,824.56103515625,False,259011.43157958984,1064.1454754955162,False,262296.934753418,1987.1165242769955,False,False,0.7655309430880051,29.9626982652278,False,False
[GGH2002] EIS J033125.60-280359.5,52.85661880371,-28.066556688660004,2025072800400,-1,r,20250728,r_57,0.1210572149672529,52.856600175049465,-28.0665860241152,745587684624303574,0,356.5846605949848,2682.281322512028,0.011806251,0.010166316,52.856600175049465,-28.0665860241152,6.1086484e-07,6.1403307e-07,124295.8580637482,482.47608315778575,120160.8137644456,344.54519908638486,False,124837.52259711613,408.8957152036097,False,128221.0826268233,527.6986006556383,False,129717.58815139644,726.3975568621754,False,129685.3634569834,987.0153067509054,False,0.5378378878146737,15.020417472924922,124792.0385185744,340.7156925259808,0.0,9.179411359028222e-05,False,251516.171875,823.8218994140625,False,258333.19329833984,1063.179797063408,False,261283.3504409194,1988.587296282596,False,False,1.0836079074482323,30.262358817762305,False,False
[GGH2002] EIS J033125.60-280359.5,52.85661880371,-28.066556688660004,2025072800401,-1,r,20250728,r_57,0.1179986136300655,52.85659967318711,-28.06658478485144,745587684758521327,0,353.5647343316938,2688.887434951383,0.010980034,0.009910444,52.85659967318711,-28.06658478485144,5.8048977e-07,5.825446e-07,124191.18330050985,480.7100413744264,120145.80308864346,343.70799786154095,False,124322.59522975248,407.4557234472746,False,127458.74683075924,524.915406031138,False,128530.71878503576,721.9098838732754,False,127749.5071133703,980.4302957702704,False,0.1151569755838302,15.246893558880029,125288.88101670968,341.68683880925863,0.0,2.370324548306435e-06,False,251219.6875,823.34912109375,False,257556.934753418,1060.700864741276,False,258144.4764404297,1981.1635371974232,False,False,0.2326986447326961,30.809522823498327,False,False
[GGH2002] EIS J033125.60-280359.5,52.85661880371,-28.066556688660004,2025081000328,-1,i,20250810,i_39,0.1280622168480288,52.85659855141549,-28.06658744685371,745644849564746351,0,2397.913436802318,2632.654861311007,0.02541813,0.022184733,52.85659855141549,-28.06658744685371,1.3508903e-06,1.3004878e-06,169200.54940731972,1553.6531293683918,158864.31058235478,943.754998480726,False,169601.82280685302,1231.5275531510988,False,176812.96802804756,1728.3123728081243,False,179988.12754587957,2512.6116489377446,False,178960.5234126456,3499.081221523068,False,-1.088392239261604,55.38894326674695,171416.6796004432,808.6763126518849,0.0,0.000330254935782,False,263740.40625,1915.0948486328125,False,274954.14404296875,2687.6232801484834,False,278293.7138671875,5441.268776440008,False,False,-1.692511357434561,86.13293275489356,False,False
[GGH2002] EIS J033125.60-280359.5,52.85661880371,-28.066556688660004,2025081000329,-1,i,20250810,i_39,0.1039008188436486,52.85659840207392,-28.06657924723236,745644849698964060,0,2398.3238172720057,2632.07718790804,0.029164905,0.0234049,52.85659840207392,-28.06657924723236,1.5133475e-06,1.4245932e-06,169292.3138534469,1551.44931552175,157498.23403581907,940.35600195455,False,169702.54793939766,1227.5789023280934,False,177669.5942976644,1721.833061778477,False,178011.63137567072,2502.62122175745,False,180302.39923036323,3486.880603810985,False,1.1276653436250623,55.931026399064486,170533.62365591814,826.8079456673478,0.0,0.0013836296678682,False,263954.09375,1909.3671875,False,276345.97900390625,2678.126468512579,False,280441.0244140625,5423.468421476242,False,False,1.7539623738361896,86.99470670849605,False,False
[GGH2002] EIS J033125.60-280359.5,52.85661880371,-28.066556688660004,2025081000330,-1,i,20250810,i_39,0.1307811816449677,52.85660132385045,-28.06658957974788,745644849833181783,0,2399.099515928145,2633.511146937862,0.023627885,0.029115422,52.85660132385045,-28.06658957974788,1.4318715e-06,1.515111e-06,169691.5511180595,1537.3384693583578,156752.37135253125,935.0422840156724,False,168784.70204910394,1220.3478766197377,False,175335.96251915186,1710.7474428374665,False,177245.007521538,2486.2462485268,False,181403.7223582324,3468.1262064982807,False,1.1128805894058185,54.85842380358216,168693.43800937256,821.936619681899,0.0,0.0007588066727547,False,263223.9375,1903.162841796875,False,273440.791015625,2667.9531527728564,False,282903.61328125,5408.629009256008,False,False,1.735564936598918,85.55307526876237,False,False
[GGH2002] EIS J033125.60-280359.5,52.85661880371,-28.066556688660004,2025081000331,-1,i,20250810,i_39,0.1176201020448522,52.85659898712208,-28.066584287739776,745644849967399518,0,2398.709874670937,2633.96163890352,0.023336448,0.026596867,52.85659898712208,-28.066584287739776,1.3661922e-06,1.4153001e-06,171008.07059020086,1541.1316344813183,157824.45384678405,935.2382736937756,False,169649.8377085393,1220.3413324866683,False,175323.31771351586,1709.006204082256,False,175621.18243826652,2486.474979257501,False,176226.3381575522,3463.821338703729,False,0.8270390717410951,53.90677893130204,169829.21438307958,815.7395642757658,0.0,0.0004640936881595,False,263829.4375,1897.802978515625,False,272652.49951171875,2657.7458110019547,False,274056.82373046875,5386.730973245741,False,False,1.2861624628420871,83.83264820633775,False,False
[GGH2002] EIS J033125.60-280359.5,52.85661880371,-28.066556688660004,2025081000332,-1,i,20250810,i_39,0.1131514022325848,52.85660292413862,-28.06658482340249,745644850101617299,0,2398.8907027679497,2613.26052032029,0.020345716,0.022787347,52.85660292413862,-28.06658482340249,1.182282e-06,1.2191492e-06,168146.44269023376,1525.7635849531866,159233.2653242981,928.5436871176348,False,169030.98726858475,1210.6189763797277,False,176802.8271566932,1697.5588649757167,False,178104.74465035525,2467.337607693056,False,177168.38330173868,3439.932355213751,False,-0.7501583507046039,55.376376541585486,169015.86797433533,763.3010443494062,0.0,0.0013085605342723,False,264876.15625,1897.0728759765625,False,277054.8408203125,2660.1209306576,False,277627.6772460937,5390.467598471934,False,False,-1.1755185467724247,86.77628878828617,False,False
[GGH2002] EIS J033125.60-280359.5,52.85661880371,-28.066556688660004,2025081000333,-1,i,20250810,i_39,0.1228278548233249,52.85659574900949,-28.066584079127537,745644850235835069,0,2391.955351182904,2597.957895049145,0.01720392,0.019706097,52.85659574900949,-28.066584079127537,1.0088847e-06,1.0470042e-06,168007.66331535578,1502.727677984598,160782.11041829927,924.3791213757464,False,169232.8217035727,1203.681291694909,False,174354.5970354452,1678.296970257249,False,178625.55181718065,2446.7330392450763,False,181818.64806298388,3416.514211019341,False,1.6284224864900043,53.30849748804125,170065.22366624183,715.5740290499037,0.0,4.315323524151093e-05,False,266439.15625,1895.0687255859373,False,274502.8491210937,2642.300850336957,False,286254.20703125,5378.939821109834,False,False,2.563778757284434,83.92858399860329,False,False
[GGH2002] EIS J033125.60-280359.5,52.85661880371,-28.066556688660004,2025081300305,-1,r,20250813,r_57,0.1177949340910703,52.856598329762726,-28.06658396983704,745658040615699657,0,3445.8223408321137,2938.1618176740867,0.0071984646,0.007995475,52.856598329762726,-28.06658396983704,4.3403455e-07,4.1147723e-07,125531.28499590338,835.5193369411159,123467.58774109042,535.9774576646585,False,125174.56351934426,682.2908372377674,False,125541.03663704263,941.284534604024,False,125495.22467265656,1356.632225755348,False,126609.50820650149,1882.7175529268652,False,0.3041094608023116,28.668101774498847,125303.0248585425,362.2420704566968,0.0,6.617777806638969e-06,False,255599.296875,1393.1988525390625,False,256347.61401367188,1922.049164301016,False,258529.37182617188,3844.401523860399,False,False,0.6209741194112007,58.53862358521792,False,False
[GGH2002] EIS J033125.60-280359.5,52.85661880371,-28.066556688660004,2025081300306,-1,r,20250813,r_57,0.12105588979349,52.85659809546101,-28.06658491716455,745658040750440963,0,296.70984947187264,1242.804185506086,0.007214927,0.008052576,52.85659809546101,-28.06658491716455,4.3720962e-07,4.124311e-07,124932.31441159367,837.7688083041712,122176.65371120334,536.5380407389815,False,124749.60566464682,683.7274633437122,False,124888.0181882819,943.0919676000892,False,125156.6843706302,1359.1706320298824,False,122031.393343935,1886.8294765872524,False,0.7284532318895823,30.10105557537709,125023.39994020076,362.7322518520338,0.0,0.0002025842099524,False,253962.21875,1391.915771484375,False,254243.99560546875,1919.923732832265,False,248428.54809570312,3841.1616431489615,False,False,1.4829674053127222,61.27899819731639,False,False
[GGH2002] EIS J033125.60-280359.5,52.85661880371,-28.066556688660004,2025081300307,-1,r,20250813,r_57,0.1201193009972624,52.85659896112024,-28.06658509203658,745658040884659147,0,1002.8981169075072,2594.700787440208,0.008904677,0.009968125,52.85659896112024,-28.06658509203658,5.418388e-07,5.0851423e-07,123449.19202199572,845.190935779724,122007.67342584832,539.2747741905347,False,123450.20239510472,687.0690823556499,False,125987.54133762974,948.8836248607056,False,125970.56897508635,1366.6676969845482,False,126863.06752957476,1898.9888824427755,False,1.5700827031812796,29.87392597180917,125985.26831317498,387.88386462718057,0.0,0.0013767241425074,False,250321.28125,1393.17724609375,False,255466.27026367188,1924.0613633995547,False,257241.583984375,3850.5998443906233,False,False,3.18367330553997,60.57567569875008,False,False
[GGH2002] EIS J033125.60-280359.5,52.85661880371,-28.066556688660004,2025081300308,-1,r,20250813,r_57,0.12075444353117,52.85659804979637,-28.066584791147356,745658041018876545,0,3374.308269278854,1601.1181354209373,0.008000585,0.008406423,52.85659804979637,-28.066584791147356,4.628469e-07,4.4941578e-07,124160.7464953534,840.8043040182368,121776.2579117418,537.2574180528504,False,124066.66197595454,684.6951428902654,False,125147.1559311078,944.7265474101392,False,126958.5834938428,1361.6738132691466,False,124615.8490413714,1890.47765894546,False,1.5620483895277553,30.87563548943028,123634.85295192788,371.1691773075064,0.0,0.000281829886479,False,252672.671875,1394.44189453125,False,254873.19287109372,1924.0187260912012,False,253791.1396484375,3850.124067159334,False,False,3.1812489664347807,62.88094795735636,False,False
[GGH2002] EIS J033125.60-280359.5,52.85661880371,-28.066556688660004,2025081300309,-1,r,20250813,r_57,0.1212255764215128,52.85659724312196,-28.066584472982857,745658041154666832,0,2974.2018341412017,856.8974423879699,0.007733699,0.008682318,52.85659724312196,-28.066584472982857,4.7328936e-07,4.4027811e-07,123945.605442962,838.1102775465547,122025.57145745956,536.1718202388965,False,123682.5510353188,683.1633368369415,False,124511.41517074332,942.2494421561208,False,124930.95126753404,1359.7569768671938,False,124802.15322978632,1886.3706508065277,False,0.9424804575757028,30.361381630411607,125003.73380368884,372.14428304693536,0.0,0.0001196785125173,False,252475.390625,1394.553466796875,False,254167.36572265625,1923.4305403890128,False,254760.8544921875,3850.681951004649,False,False,1.9239021162726853,61.97722817718975,False,False
[GGH2002] EIS J033125.60-280359.5,52.85661880371,-28.066556688660004,2025081300310,-1,r,20250813,r_57,0.1084626605392624,52.85660118370584,-28.06658249543717,745658041287311755,0,1475.2131772312791,945.9224515742536,0.00792545,0.008108813,52.85660118370584,-28.06658249543717,4.4897905e-07,4.4235819e-07,124744.31846607906,842.5910924908904,122356.7051803004,539.0874541321261,False,124633.24636058792,686.9392497722383,False,126305.77310923777,946.9345712128264,False,128325.2026590069,1366.8818982884516,False,129823.80505311972,1896.6294807752236,False,2.629487715508513,30.017040729388505,123640.5493616142,368.50039672950425,0.0,0.000462192788191,False,252680.234375,1392.6939697265625,False,256071.09887695312,1919.80596172219,False,263203.5227050781,3845.208206631177,False,False,5.330997880923207,60.85625712421689,False,False
[GGH2002] EIS J033125.60-280359.5,52.85661880371,-28.066556688660004,2025081300332,-1,z,20250813,z_20,0.1104009169048243,52.85659916225861,-28.066581988345376,745658044241151823,0,3779.3900207578176,3822.644859983544,0.008084539,0.009382916,52.85659916225861,-28.066581988345376,4.933472e-07,4.8043137e-07,190228.5718988701,1494.4583800225205,187523.13805519984,945.0299952698508,False,189733.3819928804,1214.0638945530225,False,191249.37076219503,1688.477643752658,False,189736.67962068375,2443.9567089027537,False,191721.63166283065,3398.02776358634,False,0.165694640890107,52.7256387172075,188192.62294486733,608.0927189887365,0.0,0.0024070427568581,False,230243.625,1473.2803955078125,False,232083.2946777344,2048.986895957289,False,232656.388671875,4123.545482197329,False,False,0.2010723382511731,63.9831644868152,False,False
[GGH2002] EIS J033125.60-280359.5,52.85661880371,-28.066556688660004,2025081300333,-1,z,20250813,z_20,0.1164379974791067,52.85659789424016,-28.066583253756875,745658044373796560,0,2425.8922617216595,3650.2050068835433,0.0074017947,0.008233499,52.85659789424016,-28.066583253756875,4.3551893e-07,4.3499918e-07,191730.00049618477,1532.0630792126349,187946.7986284425,966.3834963850408,False,191278.6938885131,1243.2067749832886,False,191857.78242365443,1726.7246875619564,False,190440.1810443425,2501.958567730644,False,190187.0892442087,3478.319249144684,False,0.9850160772317532,55.9449327153053,192802.8958348408,610.845444444705,0.0,5.988352933528063e-06,False,231528.875,1504.8109130859375,False,232229.8193359375,2090.073997363042,False,230207.5673828125,4210.251159048071,False,False,1.1922899491947894,67.71725104456704,False,False
[GGH2002] EIS J033125.60-280359.5,52.85661880371,-28.066556688660004,2025081300334,-1,z,20250813,z_20,0.110660862910476,52.85660104866189,-28.06658313552328,745658044508013493,0,3285.37273013717,1964.6604729173475,0.00794469,0.007789981,52.85660104866189,-28.06658313552328,4.3721187e-07,4.3758695e-07,189565.80214703165,1518.145170847658,187971.18170641712,959.118906022372,False,189738.1239285524,1232.8444453601742,False,190087.48515722857,1714.1721913403012,False,195376.9260879149,2484.896868467293,False,194171.958052418,3454.977358549747,False,3.863071121915032,51.86642821470909,190826.85280183447,605.1070580677646,0.0,4.0602883214391206e-05,False,229593.1875,1491.80712890625,False,230015.93310546875,2074.239215529922,False,234958.36181640625,4180.705743609377,False,False,4.674520829317659,62.76112745026997,False,False
[GGH2002] EIS J033125.60-280359.5,52.85661880371,-28.066556688660004,2025081300335,-1,z,20250813,z_20,0.1062086269764754,52.85660048845579,-28.066581370642616,745658044642756489,0,576.7040651308506,3567.946343744728,0.006372071,0.0072320006,52.85660048845579,-28.066581370642616,3.8073247e-07,3.7712624e-07,191181.77221366865,1506.799657835421,188709.71073039251,952.6732149542024,False,191492.87836005725,1224.092238641406,False,192487.5998677092,1700.1984979300794,False,195950.54526157657,2458.894573170583,False,193487.33494984836,3420.3371449376245,False,4.675099293184421,54.674343973154485,192309.788621836,590.5725261853888,0.0,0.0003931757036257,False,232358.40625,1485.319580078125,False,233565.40625,2063.029271223698,False,234778.48974609372,4150.254018016548,False,False,5.672788618187172,66.34211954597866,False,False
[GGH2002] EIS J033125.60-280359.5,52.85661880371,-28.066556688660004,2025081300336,-1,z,20250813,z_20,0.1135424712893346,52.856599709380085,-28.066583350627823,745658044776973763,0,1483.8076313110794,2918.217991159236,0.007416886,0.0075235576,52.856599709380085,-28.066583350627823,4.156611e-07,4.1495574e-07,192644.5742485903,1496.4682331097054,188688.7043402184,946.0627942670044,False,192578.1336087809,1215.1987046954162,False,194161.69954386455,1686.8264437053806,False,193744.4555400108,2442.9922449279024,False,190773.6457461576,3392.127094205749,False,3.5567897049137374,52.31355048032147,191003.8739448896,597.2855899078639,0.0,1.0709963030208767e-05,False,233239.71875,1471.77978515625,False,235157.64404296875,2042.9885674827535,False,231054.22534179688,4108.352046988207,False,False,4.307782066848057,63.359206843449,False,False
[GGH2002] EIS J033125.60-280359.5,52.85661880371,-28.066556688660004,2025081300337,-1,z,20250813,z_20,0.114051434166305,52.856600036830166,-28.066583697024917,745658044912763185,0,2549.230084955565,588.6766528868465,0.0077876817,0.007869738,52.856600036830166,-28.066583697024917,4.356281e-07,4.3487495e-07,192244.21894992684,1493.34628933886,188099.07231476053,944.4597845437114,False,192750.92422903772,1213.9117312954215,False,196117.00225547203,1685.124524338126,False,195620.40751728436,2439.125412038788,False,192564.4565068605,3390.8359743444075,False,3.35841008964574,53.50168825089654,191375.3475801966,599.7056310190658,0.0,1.8584397736942648e-05,False,233853.765625,1472.770263671875,False,237937.63720703125,2044.46602339114,False,233627.53491210935,4113.908996228289,False,False,4.074568509167926,64.91056431926629,False,False
[GGH2002] EIS J033125.60-280359.5,52.85661880371,-28.066556688660004,2025082600425,-1,g,20250826,g_6,0.0977234217460302,52.85660679050333,-28.066581678707173,745715231326995372,0,2955.3454349289536,2252.383754612899,0.022561006,0.023297051,52.85660679050333,-28.066581678707173,1.2866974e-06,1.2635687e-06,55588.71384574077,315.246217148836,51611.282450674815,221.01587796170855,False,55335.93948331538,264.77373028451564,False,56847.49710546229,342.3238919633687,False,57736.47120533392,471.8026487417294,False,57810.94009113561,640.3079385308691,False,-0.1914707723390405,9.783807626012566,55380.165416740114,227.94366950840137,0.0,0.0043828373837557,False,118288.328125,565.990966796875,False,121519.49444580078,731.7653090501741,False,123578.98889160156,1368.7479826165927,False,False,-0.4092956179341012,20.91426038093377,False,False
[GGH2002] EIS J033125.60-280359.5,52.85661880371,-28.066556688660004,2025082600426,-1,g,20250826,g_6,0.1057280227671665,52.856602594499705,-28.06658233929896,745715231461737414,0,1379.958009267776,2425.690926136455,0.022422818,0.022044878,52.856602594499705,-28.06658233929896,1.2302087e-06,1.2422281e-06,55274.54484395941,314.4746804274816,51525.55679506304,219.7261334516977,False,55253.64427778825,263.23722998985824,False,57429.4143307476,340.19434756435777,False,57942.35346827315,468.1473495097357,False,57719.70509011168,635.5356598868898,False,-0.1000615209774222,9.718503515706445,55782.974907023694,229.584858931216,0.0,0.0071113236597751,False,117730.3515625,560.8862915039062,False,122366.32040405272,724.8607881313557,False,122984.85034179688,1354.1520681029008,False,False,-0.2132036392626868,20.7074637432641,False,False
[GGH2002] EIS J033125.60-280359.5,52.85661880371,-28.066556688660004,2025082600427,-1,g,20250826,g_6,0.1044719602664733,52.856603216240266,-28.06658224205587,745715231597527236,0,1290.1881951213331,491.4633028230941,0.02069486,0.02145411,52.856603216240266,-28.06658224205587,1.1851903e-06,1.1587015e-06,55635.218482791584,314.0278315886709,51788.65509808086,219.66109822101723,False,55701.57192590047,263.19858417445806,False,57825.47677690392,340.2405482702283,False,58247.57588818911,467.8928367383178,False,57448.84338000608,635.0733815534745,False,-0.0979552860110131,9.765564752377026,55874.03763720779,229.3594490096187,0.0,0.0004145853236029,False,119230.1484375,563.3809814453125,False,123776.40237426758,728.290597053198,False,122970.2122746706,1359.385219003436,False,False,-0.2096749317392276,20.90335505344193,False,False
[GGH2002] EIS J033125.60-280359.5,52.85661880371,-28.066556688660004,2025082600428,-1,g,20250826,g_6,0.1040709843945685,52.85659883637604,-28.06657960745384,745715231730173420,0,1168.8772864463224,3784.3949920273753,0.020797513,0.024739822,52.85659883637604,-28.06657960745384,1.339459e-06,1.1981562e-06,56556.94921358884,320.30376917344154,51508.05898667613,221.78448803930235,False,55914.82784967735,266.59664352289826,False,57856.13900229848,344.3465025672121,False,58471.25887740653,474.2292700954944,False,59383.62165527616,644.326524606215,False,0.1664731950517578,9.879273418526182,56190.72316194655,234.27184102072587,0.0,0.0011729077073419,False,117461.734375,560.0465087890625,False,121539.89724731444,723.3776615793251,False,124748.71981811523,1353.553502615297,False,False,0.3497145742860403,20.75364683630367,False,False
[GGH2002] EIS J033125.60-280359.5,52.85661880371,-28.066556688660004,2025082600429,-1,g,20250826,g_6,0.1021930209432194,52.85660155786537,-28.066580651938736,745715231864390725,0,829.0496720682089,3137.770974851027,0.024369339,0.026589694,52.85660155786537,-28.066580651938736,1.4587658e-06,1.375831e-06,55160.872893338754,332.2620537346973,49678.72788191798,225.05631779859095,False,55114.72284563476,272.5587707354322,False,58736.22213304123,354.1466113037971,False,60276.12149220993,488.9946110962179,False,60266.237246143886,663.5004184303414,False,0.1312669960068103,10.099853810144197,55739.08671907248,243.6899791050848,0.0,0.0035960305832739,False,112627.78125,556.97802734375,False,120028.37057495116,723.7040305921086,False,123154.9799194336,1355.8732790066942,False,False,0.2682461191541783,20.63920612958312,False,False
[GGH2002] EIS J033125.60-280359.5,52.85661880371,-28.066556688660004,2025082600430,-1,g,20250826,g_6,0.1117347384825018,52.85660431874373,-28.06658497211301,745715231998083383,0,606.8569035725601,722.4898685139308,0.020636411,0.020394007,52.85660431874373,-28.06658497211301,1.1357689e-06,1.1452634e-06,55695.32015119803,315.8155744318405,52166.457057341984,221.77157377141788,False,55459.44501975515,264.9869691204157,False,57362.89408085145,342.0665069520284,False,57586.41482562781,470.3057869402608,False,57749.03169295135,639.1027725563245,False,-0.2551020415730309,9.726551895099814,55689.0718395564,228.3257720998772,0.0,0.0003402775048532,False,117974.90625,563.6878051757812,False,122023.97714233398,727.6535867705785,False,122845.3800354004,1359.5175654857344,False,False,-0.5426603066085786,20.6905973824912,False,False
[GGH2002] EIS J033125.60-280359.5,52.85661880371,-28.066556688660004,2025082600441,-1,i,20250826,i_39,0.1188951578290537,52.856598704132,-28.066584548724045,745715233475527328,0,3879.554555222821,1551.4481461739267,0.013987575,0.013164343,52.856598704132,-28.066584548724045,7.752808e-07,7.341758e-07,170112.66860658253,671.1320472844068,162313.3149278829,466.6608040775674,False,170158.9093401157,562.8260246929943,False,173993.65745968933,736.580837755031,False,176127.13764312715,1026.5284943361794,False,176906.72575329352,1398.8934767481132,False,-0.03054610897045,21.120195494644648,170112.82633965646,457.9039164433025,0.0,0.000228213802997,False,283216.125,936.7796630859376,False,289598.76171875,1225.9808870851318,False,294447.3348388672,2328.3481970401585,False,False,-0.0508415965404818,35.152904719668015,False,False
[GGH2002] EIS J033125.60-280359.5,52.85661880371,-28.066556688660004,2025082600442,-1,i,20250826,i_39,0.1140162638981148,52.85659908428931,-28.066583151622115,745715233608173116,0,1694.5137370850834,3147.895237846305,0.011060751,0.012303949,52.85659908428931,-28.066583151622115,6.1816615e-07,6.809966e-07,169272.4917830027,663.4284682567056,162731.5221198908,463.6727604260671,False,168852.85392553016,557.4361247250156,False,172036.87205826366,728.0813092896303,False,173201.40792745314,1011.4998132301628,False,173423.662594051,1381.1935951877467,False,0.0687913053444343,21.20833149860909,170541.21558044574,449.0237933926028,0.0,0.0011876695223577,False,283023.875,934.3504028320312,False,288360.7889404297,1220.378505187162,False,290685.2674560547,2315.097165059599,False,False,0.1153050206274674,35.5484910291667,False,False
[GGH2002] EIS J033125.60-280359.5,52.85661880371,-28.066556688660004,2025082600443,-1,i,20250826,i_39,0.1203916876046478,52.85659926788346,-28.0665853454655,745715233743962705,0,2801.088053006205,1282.6628735759723,0.01233944,0.013508034,52.85659926788346,-28.0665853454655,6.8860106e-07,7.4865943e-07,169227.8441355657,666.2588006405487,162217.44841087703,463.4304205846444,False,169491.01245458508,557.8282094341502,False,174041.89782976077,729.114858576617,False,176098.6605481828,1013.0077675090027,False,177182.42339399393,1381.2888922554068,False,0.2896564785647326,21.18531186032143,169378.2121411948,455.1752776185658,0.0,0.0003591556468778,False,282335.4375,929.2213745117188,False,289916.23010253906,1214.5479550966656,False,295147.6677246094,2300.929105685277,False,False,0.4825051630522065,35.29015613297189,False,False
[GGH2002] EIS J033125.60-280359.5,52.85661880371,-28.066556688660004,2025082600444,-1,i,20250826,i_39,0.1190312059761359,52.85659979400311,-28.066585181980344,745715233878180867,0,2892.214710839062,2174.4736128120053,0.013159253,0.01337487,52.85659979400311,-28.066585181980344,7.3205365e-07,7.431396e-07,169053.90651572755,664.1381523141334,161322.68641364414,462.1419049632024,False,168944.1140309066,556.7728759588492,False,173021.18397457272,727.8812972969596,False,173477.43678544596,1011.1839294787466,False,172263.36026657725,1380.0853235571003,False,-0.1712534411708587,21.54429915836032,168086.5519440587,451.6812995309429,0.0,0.00165506929404,False,282313.25,930.3926391601562,False,289126.21813964844,1216.3225444866844,False,287859.8604736328,2306.184948825327,False,False,-0.2861722400212435,36.00149759142412,False,False
[GGH2002] EIS J033125.60-280359.5,52.85661880371,-28.066556688660004,2025082600445,-1,i,20250826,i_39,0.1166752490744862,52.85659904216819,-28.0665840075943,745715234010826290,0,3410.791064305008,3097.333506964148,0.010974939,0.013745573,52.85659904216819,-28.0665840075943,6.1457575e-07,7.6055534e-07,169760.60527538715,663.1074854484453,163409.06375665043,463.9192603806063,False,169611.4128978913,557.304734628677,False,173630.7334436201,727.1389136515074,False,175496.24990527972,1011.0719850418616,False,174266.2795984992,1379.5428297212015,False,-0.23707799930099,21.445281281420648,169192.32675254493,445.6646917947261,0.0,0.0004524340593454,False,283062.59375,930.0796508789062,False,289770.39294433594,1213.5140165282587,False,290831.048828125,2302.3036297986805,False,False,-0.395656826723087,35.78979055419874,False,False
[GGH2002] EIS J033125.60-280359.5,52.85661880371,-28.066556688660004,2025082600446,-1,i,20250826,i_39,0.1161163559382529,52.85659908893624,-28.066583849710995,745715234146616550,0,3581.9084882063225,2121.763413776626,0.010464735,0.0104523245,52.85659908893624,-28.066583849710995,5.817939e-07,5.810432e-07,168925.42509486535,657.7930643785638,163328.69620474544,461.246541301817,False,168960.6316771249,553.4966926064113,False,172224.6325808073,721.4074904425283,False,173888.67085737144,1003.7264608801938,False,174175.20269563614,1368.4850203098283,False,0.389371328607426,20.884481741883928,168294.6540659788,436.9523372960259,0.0,2.1029963515051267e-07,False,283794.0,929.6783447265624,False,289276.3651123047,1211.7089958202662,False,292552.6318359375,2298.569992304233,False,False,0.6540058813344051,35.0785301441237,False,False
[GGH2002] EIS J033125.60-280359.5,52.85661880371,-28.066556688660004,2025090600253,-1,z,20250906,z_20,0.1662983915769082,52.85658745202844,-28.066593682522857,745763586753692298,0,1832.0,3743.0,,,52.85658745202844,-28.066593682522857,,,189813.19633695376,2383.7374712386013,160528.23075633665,1386.4056057542207,True,191305.2774188648,1827.7528070073604,True,210141.10420908625,2565.110729980341,True,212096.73155276303,3751.561355505895,True,206010.843906684,5238.681265255507,True,-1.4790942444590394,82.1438627130513,110584.45203042656,1117.5731089564922,,,True,196497.546875,1877.3603515625,True,215844.60205078125,2634.7311099018007,True,211602.2412109375,5380.865762677697,True,True,-1.5192387505169402,84.37335201480269,True,False
[GGH2002] EIS J033125.60-280359.5,52.85661880371,-28.066556688660004,2025090600254,-1,z,20250906,z_20,0.1202648679990597,52.85659836871701,-28.066584811127647,745763586888958009,0,219.3518458897117,273.23029421416715,0.04372691,0.046621714,52.85659836871701,-28.066584811127647,2.5079732e-06,2.5167637e-06,191549.46436008532,2143.114760061502,173560.72506783617,1282.7950232287474,False,191206.70262525365,1683.308995414943,False,200059.50031374767,2367.624087381242,False,202156.6497115305,3449.7056419575724,False,198386.35523850977,4812.907966724125,False,0.7994860173496446,76.72935792700846,190336.23789286925,1250.072727171245,0.0,0.0040963559246646,False,213154.0,1876.5244140625,False,223022.94921875,2639.387311179996,False,221157.75537109372,5365.348445706733,False,False,0.891253497928575,85.53659121264221,False,False
[GGH2002] EIS J033125.60-280359.5,52.85661880371,-28.066556688660004,2025090600255,-1,z,20250906,z_20,0.0916499752541048,52.856607248663714,-28.066580015984773,745763587022651753,0,985.8371732698932,2181.299737950422,0.06738447,0.06765779,52.856607248663714,-28.066580015984773,3.753116e-06,3.7537604e-06,193638.7644509837,2496.002654594567,159237.2267606196,1416.143920375078,False,193597.34795955376,1868.923167680663,False,213434.986374599,2634.141493328868,False,228571.06631098545,3843.9547197116494,False,236501.81387319797,5357.546096367205,False,3.245184660048303,85.54701405364399,189010.5380782261,1538.8525562231152,0.0,0.1407384165244115,False,194313.109375,1875.8328857421875,False,214224.0908203125,2643.880350103624,False,237376.2001953125,5377.353830396988,False,False,3.257182644473926,85.86329551365154,False,False
[GGH2002] EIS J033125.60-280359.5,52.85661880371,-28.066556688660004,2025090600256,-1,z,20250906,z_20,0.0898104881466326,52.85660533976601,-28.06657862543016,745763587155296836,0,2193.9834948711696,2888.836514740115,0.04204283,0.04694334,52.85660533976601,-28.06657862543016,2.4501687e-06,2.5033337e-06,191220.2177924296,2222.4368878298133,172561.92282210078,1319.2007018259676,False,191665.4212245657,1732.5184461307786,False,202258.4188031965,2430.52028167802,False,205707.3367263155,3552.29529762624,False,207704.4275407024,4952.82420274609,False,-0.0781020856041998,78.75188206358705,189858.5352899604,1247.193712936486,0.0,0.0130620252000128,False,207750.0625,1877.912109375,False,219232.02880859372,2634.490547121225,False,225135.06884765625,5368.467254541648,False,False,-0.0846564448714091,85.36077251792713,False,False
[GGH2002] EIS J033125.60-280359.5,52.85661880371,-28.066556688660004,2025090600257,-1,z,20250906,z_20,0.0974066083945445,52.85660313724174,-28.066579947985893,745763587292660334,0,957.5771480937984,2740.751238188972,0.044068787,0.04365918,52.85660313724174,-28.066579947985893,2.4414737e-06,2.4346537e-06,192932.1069714651,2190.6267468199044,173829.82420554096,1299.7249260629967,False,194063.9936542531,1706.0879774212665,False,207529.78368029013,2401.993816207519,False,213797.18832027528,3497.329834652984,False,217787.46105238,4881.710484860983,False,2.499688004465209,77.32980043284469,189172.7887082348,1220.8897416814402,0.0,0.0310853589377962,False,209807.1875,1844.4921875,False,224365.37255859372,2596.852499432456,False,235455.19091796875,5277.733018535649,False,False,2.7024720040478205,83.6030818146355,False,False
[GGH2002] EIS J033125.60-280359.5,52.85661880371,-28.066556688660004,2025090600258,-1,z,20250906,z_20,0.1094744262407952,52.85659779077086,-28.066580791384187,745763587423207556,0,3906.418872027539,636.6350016029338,0.033395305,0.036024176,52.85659779077086,-28.066580791384187,1.9065571e-06,1.9539705e-06,188843.69409565363,2149.0221110964303,172620.5003387248,1284.916688171613,False,187075.6123365448,1684.8548929876902,False,195275.70676624437,2375.502171659574,False,193463.7888144002,3459.7759259999125,False,185232.3930644465,4822.523511816061,False,-3.390704944416357,76.55914233595124,184828.4776999644,1129.9378437284297,0.0,0.0035669663160643,False,205760.953125,1853.1402587890625,False,214780.0830078125,2612.770231706456,False,203733.630859375,5304.203053864086,False,False,-3.7293726981027264,84.20596303669333,False,False
[GGH2002] EIS J033125.60-280359.5,52.85661880371,-28.066556688660004,2025090600259,-1,z,20250906,z_20,0.1106887708753477,52.85660195204503,-28.06658360065941,745763587557950190,0,3825.370345744449,3791.101253800807,0.050125964,0.03658991,52.85660195204503,-28.06658360065941,2.5843108e-06,2.2850852e-06,196055.6491473171,2317.161617896041,168711.87692091728,1350.9159644724566,False,192747.09198443868,1776.479771461088,False,206159.8922865692,2502.219000354361,False,207338.4897451797,3644.6836129183466,False,214344.0936113949,5085.286652860092,False,-0.4418801650347019,80.94808340878464,175853.21714469066,1254.4751674283375,1.0,0.01786144583325,False,202391.15625,1865.3656005859373,False,216475.0634765625,2627.4170544338194,False,225068.759765625,5339.72800802691,False,False,-0.4639895554560918,84.9983054408315,False,False
[GGH2002] EIS J033125.60-280359.5,52.85661880371,-28.066556688660004,2025090600260,-1,z,20250906,z_20,0.1130488830242123,52.85660756292249,-28.06658648346873,745763587688497603,0,1217.833000902638,2080.467193707412,0.042728677,0.03604868,52.85660756292249,-28.06658648346873,2.2801353e-06,2.1099559e-06,193241.71854876383,2228.9621619422765,171923.14457468851,1312.3836665790238,False,192662.35871821156,1723.305016070339,False,206928.33830738824,2424.967521372282,False,211166.7710415485,3530.6181860921038,False,207513.1493651993,4928.979245395122,False,-2.2753247491919257,78.31635335766833,190066.36818296887,1208.3761874089637,0.0,0.0132482529189481,False,206710.84375,1848.96435546875,False,222017.06494140625,2601.790436617488,False,222644.51904296875,5288.388792810697,False,False,-2.44123606624495,84.02699722816436,False,False
[GGH2002] EIS J033125.60-280359.5,52.85661880371,-28.066556688660004,2025090600261,-1,z,20250906,z_20,0.1245455794804747,52.85659343655496,-28.06658306741329,745763587829531410,0,3039.3135946620146,3917.13884262711,0.043763924,0.042007692,52.85659343655496,-28.06658306741329,2.4101118e-06,2.358276e-06,196200.9766306881,2331.3269053674085,170776.88576017896,1352.9738618967674,False,195814.54696202173,1778.9765130491437,False,212089.5675363966,2505.4162843797926,False,221887.9880426644,3650.20410842665,False,228214.73771021536,5090.049635464993,False,2.110367981956132,81.02364900838667,192474.7571750098,1312.1161872452576,0.0,0.012490039746702,False,202578.15625,1840.4239501953125,False,219415.33056640625,2591.9555998402,False,236097.478515625,5265.86449459994,False,False,2.1832619763261154,83.82227818829791,False,False
[GGH2002] EIS J033125.60-280359.5,52.85661880371,-28.066556688660004,2025090600262,-1,z,20250906,z_20,0.1059335828928705,52.85659803294473,-28.066579709692007,745763587960078709,0,1303.3425876595363,1660.6774660177407,0.040773567,0.036297075,52.85659803294473,-28.066579709692007,2.2154197e-06,2.072463e-06,188913.07258427676,2178.904574402145,171718.13119614896,1292.9551767494097,False,189196.9427331933,1696.3350176018716,False,200947.26712013467,2388.039002617946,False,205871.2872620485,3480.789567794581,False,204406.89276823885,4854.08008763652,False,-0.280658373755408,78.34439059629238,190459.921663706,1191.203703465818,0.0,0.0017708578710059,False,205157.640625,1839.438232421875,False,217899.22509765625,2589.49452575706,False,221650.70556640625,5263.5714076450895,False,False,-0.304334779143379,84.95354152527166,False,False
[GGH2002] EIS J033125.60-280359.5,52.85661880371,-28.066556688660004,2025090600263,-1,z,20250906,z_20,0.106573006115964,52.85660375074998,-28.066583145082863,745763588096394074,0,3057.865829483404,3946.939809406254,0.039641,0.03242806,52.85660375074998,-28.066583145082863,2.1363417e-06,1.8810721e-06,191882.9006141589,2191.455707702952,173707.26496943712,1302.8314880008534,False,192228.06750585517,1709.402623883389,False,204215.24940716752,2401.3767765203866,False,208755.58132816272,3503.286674670845,False,216306.5023065564,4884.154959402088,False,2.2166682829354825,77.44404543747123,190873.3210924757,1177.0547026482857,0.0,0.0025064106744913,False,208470.875,1853.843017578125,False,221470.94482421875,2604.287315069824,False,234583.87939453125,5296.854258762857,False,False,2.403971399828134,83.98788025790056,False,False
[GGH2002] EIS J033125.60-280359.5,52.85661880371,-28.066556688660004,2025090600264,-1,z,20250906,z_20,0.1072488972855029,52.85660003478926,-28.066581452230636,745763588226941692,0,1755.142163373891,3282.737280455417,0.034231983,0.028589603,52.85660003478926,-28.066581452230636,1.8567642e-06,1.6423844e-06,190611.64646832077,2102.5152676334524,178876.37923126193,1264.200294721866,False,191072.63551828536,1654.1204650495513,False,201349.43036197053,2324.981312891935,False,204716.313541066,3387.829965798905,False,212341.77820121808,4724.363293889743,False,2.587286070709461,75.4235261823029,190402.47572442336,1070.3131229895253,0.0,0.0006460731330555,False,213009.796875,1844.031005859375,False,224466.4765625,2591.913781133185,False,236720.8623046875,5266.770214716881,False,False,2.884333902049507,84.08294546264894,False,False
[GGH2002] EIS J033125.60-280359.5,52.85661880371,-28.066556688660004,2025090600265,-1,z,20250906,z_20,0.1230829351217914,52.85660009804959,-28.06658663012012,745763588365353639,0,2929.7254276560056,2983.673793477464,0.041479226,0.02945941,52.85660009804959,-28.06658663012012,2.2302463e-06,1.7392248e-06,190398.4508077533,2114.320920398839,175076.09409127737,1267.5735357711217,False,189418.6893335645,1661.0885720367553,False,197788.1510591913,2337.172665211939,False,200146.85083254403,3406.5032731013084,False,202024.05555015552,4750.364137490496,False,-1.3131047020991302,75.88498100669422,190376.2755235436,1114.033552276661,0.0,0.0006354377480437,False,210790.65625,1848.5079345703125,False,220104.43798828125,2600.8740827153906,False,224818.2763671875,5286.344116787494,False,False,-1.4612613087666946,84.44702580404476,False,False
[GGH2002] EIS J033125.60-280359.5,52.85661880371,-28.066556688660004,2025090600266,-1,z,20250906,z_20,0.1285391470518076,52.8565963464154,-28.06658639020903,745763588493804312,0,2449.033492893483,3207.26871310278,0.030112674,0.027857887,52.8565963464154,-28.06658639020903,1.6604816e-06,1.5619062e-06,195270.0168295992,2041.457380205663,184081.15699683555,1237.7104298525394,False,195749.50028920404,1617.366738907594,False,204019.0363437693,2267.359052299824,False,208451.23347668975,3307.2448544945014,False,222384.05212813115,4609.095624575729,False,2.274502135540016,73.23214920451828,191687.31243282385,1015.1462895504054,0.0,0.0135494255446759,False,223479.90625,1846.4873046875,False,232920.92724609372,2588.559294886739,False,253887.5810546875,5262.032631274502,False,False,2.596714286702788,83.60641439458311,False,False
[GGH2002] EIS J033125.60-280359.5,52.85661880371,-28.066556688660004,2025090600267,-1,z,20250906,z_20,0.1186078409234548,52.85659819143557,-28.06658415983735,745763588631167620,0,1651.6106352791903,2808.356338038023,0.037592202,0.030463193,52.85659819143557,-28.06658415983735,2.056466e-06,1.7321547e-06,193823.95245407335,2112.0119652591898,177991.5290369971,1266.3246918402344,False,194094.3173151785,1659.0695235621297,False,202442.0461403515,2335.7471063471594,False,207344.2622153937,3402.0990633472325,False,208324.4023934277,4741.931088307731,False,0.327471692941895,74.2869049711483,190791.8625192156,1105.824820348877,0.0,0.0106766131179438,False,214791.71875,1835.9857177734373,False,224029.6142578125,2584.821351173127,False,230539.240234375,5247.590670043924,False,False,0.3623918965888307,82.20854798886509,False,False
[GGH2002] EIS J033125.60-280359.5,52.85661880371,-28.066556688660004,2025090600268,-1,z,20250906,z_20,0.1202550447653518,52.85659482209672,-28.06658253500995,745763588769055164,0,3638.216687153403,1973.9985906045613,0.036977716,0.032846186,52.85659482209672,-28.06658253500995,2.0406765e-06,1.8415639e-06,193220.30391822563,2140.805769084846,177048.57839160052,1280.6302008060316,False,194346.14031557,1678.8486412285438,False,204060.80669576055,2352.931621109617,False,208090.5294543943,3436.679529762339,False,205692.79710236305,4792.638197076193,False,-0.9707214742850896,75.58035610515032,191603.4487873708,1136.9938120322672,0.0,4.105741411919439e-05,False,212744.921875,1837.7855224609373,False,223379.27734375,2575.684050619035,False,225165.7685546875,5246.358055562732,False,False,-1.0626198383658936,82.73556103952475,False,False
[GGH2002] EIS J033125.60-280359.5,52.85661880371,-28.066556688660004,2025090600269,-1,z,20250906,z_20,0.1220151085638751,52.856598944919696,-28.06658570022272,745763588898030255,0,2516.7183283091344,2970.8738379669608,0.037374422,0.030699516,52.856598944919696,-28.06658570022272,2.0594007e-06,1.7282686e-06,190902.99958362128,2094.761404189279,174279.56531932575,1256.3608747326405,False,188454.6072100762,1645.443071658451,False,196058.76394986783,2313.613241151833,False,194252.1028576749,3368.4020873917857,False,187536.93535220457,4697.596415199851,False,-2.043040414198752,74.203472296737,188273.35743220424,1099.5022716255344,0.0,0.0031342361344925,False,210135.40625,1834.743408203125,False,218614.384765625,2579.7833522470933,False,209112.16064453125,5238.032360791151,False,False,-2.278082418777123,82.74022602617349,False,False
[GGH2002] EIS J033125.60-280359.5,52.85661880371,-28.066556688660004,2025090600270,-1,z,20250906,z_20,0.118782075778053,52.85659884610477,-28.066584590943595,745763589034869545,0,3859.4774590362326,3340.050352715163,0.031909443,0.027110742,52.85659884610477,-28.066584590943595,1.7645133e-06,1.5178957e-06,190269.1948990493,2048.253150461197,178225.49033440396,1237.452984833864,False,189704.06427524384,1618.9033584590795,False,195559.1929617122,2274.0737256459947,False,199596.8687412296,3309.669835242099,False,197861.0752171901,4617.343222571023,False,0.7744465967365208,73.96086223712122,188408.0996650128,1021.9624694447556,0.0,0.002285815968588,False,214002.140625,1826.2591552734373,False,220607.21826171875,2565.346436232468,False,223203.93505859372,5208.751522565472,False,False,0.8736409002861283,83.434073495916,False,False
[GGH2002] EIS J033125.60-280359.5,52.85661880371,-28.066556688660004,2025090600271,-1,r,20250906,r_57,0.121806076692009,52.85659690721489,-28.066584464337755,745763589170135449,0,1482.289284707704,3201.179765534981,0.042276468,0.035317935,52.85659690721489,-28.066584464337755,2.3437333e-06,1.9716417e-06,126060.57553998186,1853.6891383418345,112740.90279825372,1086.3290312606605,False,125463.66497687272,1437.1657983042062,False,130988.97636102408,2035.9782370346704,False,134722.71072382436,2977.6870564199867,False,137488.95131726412,4159.425773820589,False,-0.5310563365963458,65.68131196551124,125169.71544846366,969.2365022379092,0.0,3.1556017731415587e-05,False,228733.1875,2620.101318359375,False,238806.3994140625,3711.798088501675,False,250656.5234375,7583.0617222206365,False,False,-0.968170415188702,119.74379871513098,False,False
[GGH2002] EIS J033125.60-280359.5,52.85661880371,-28.066556688660004,2025090600272,-1,r,20250906,r_57,0.1215029294111568,52.85660265201807,-28.066587282613884,745763589304352917,0,1081.5264876374238,1069.9530473561042,0.042403214,0.031634912,52.85660265201807,-28.066587282613884,2.3420832e-06,1.7787688e-06,122044.94735188042,1779.4448001418818,114564.479903162,1055.3820015620058,False,122291.96133417866,1394.4327247149436,False,128024.0286555461,1975.1523966744328,False,126261.2538988342,2886.9919646031512,False,124963.9514914257,4036.934081681746,False,0.0911966399585799,63.6943586727372,123697.74350665128,892.1193731145194,0.0,0.0001576796083967,False,228806.890625,2608.968017578125,False,239531.5244140625,3695.488022787045,False,233806.154296875,7553.058474249335,False,False,0.1706278924364463,119.17143203254342,False,False
[GGH2002] EIS J033125.60-280359.5,52.85661880371,-28.066556688660004,2025090600273,-1,r,20250906,r_57,0.1108871550463092,52.85659945555405,-28.06658232614197,745763589434900880,0,1434.2882791340694,2723.929356721984,0.034622736,0.027606163,52.85659945555405,-28.06658232614197,1.909875e-06,1.5522269e-06,125156.632470353,1724.2709658605547,117613.15683659608,1030.1890806269632,False,123449.67914118365,1359.381111611356,False,125344.26674673671,1923.138174147528,False,127902.62478397536,2812.5903956594607,False,126479.52327019526,3929.387058352424,False,0.4079428847246862,61.33354056076925,125189.85606982357,812.5556090931232,0.0,0.0001236175205011,False,234885.171875,2586.466552734375,False,238489.96484375,3659.115549886594,False,240649.994140625,7476.364142744913,False,False,0.776184557629807,116.6980693391897,False,False
[GGH2002] EIS J033125.60-280359.5,52.85661880371,-28.066556688660004,2025090600274,-1,r,20250906,r_57,0.1307449523720442,52.856592090903256,-28.066584318142173,745763589572264243,0,4017.3845325197226,2245.2991793795923,0.03216766,0.024196113,52.856592090903256,-28.066584318142173,1.7647081e-06,1.3754935e-06,123950.38612728364,1731.8752054895951,118494.39435705217,1035.8403774881222,False,126153.15655732816,1367.846419433824,False,132125.10636856576,1936.0622790122816,False,136207.22351971033,2834.688157613886,False,143735.93556575422,3960.4085783052087,False,0.7533828937929334,63.03020062621896,124584.22607489652,817.8470588773255,0.0,0.0023621711717014,False,240545.859375,2608.17724609375,False,251933.0322265625,3691.63782673084,False,274072.287109375,7551.613538196551,False,False,1.4365327081093826,120.1844978751883,False,False
[GGH2002] EIS J033125.60-280359.5,52.85661880371,-28.066556688660004,2025090600276,-1,r,20250906,r_57,0.1361963438412914,52.85659369085796,-28.066587351920788,745763589841224147,0,153.23715234320733,3027.9682517280226,0.024039542,0.020067478,52.85659369085796,-28.066587351920788,1.3173382e-06,1.1383639e-06,128151.17592329344,1713.2460531752024,118636.50034538562,1027.9682861439646,False,126019.25936524752,1356.6471799991589,False,126926.57486936408,1916.5540606086536,False,130163.6735130442,2806.807444959769,False,131485.27115762467,3918.976525522765,False,0.7595390676690923,63.22669568728447,126593.99852426174,811.7443775030819,0.0,0.0016906059033657,False,241148.734375,2596.0615234375,False,242884.9609375,3667.491686627848,False,251608.419921875,7499.2999795058995,False,False,1.4534435910776335,120.98974173075176,False,False
[GGH2002] EIS J033125.60-280359.5,52.85661880371,-28.066556688660004,2025090600277,-1,r,20250906,r_57,0.1141680953731082,52.85659691195725,-28.066581839772915,745763589954470271,0,705.1154786280662,2763.0032796773585,0.03281186,0.0280522,52.85659691195725,-28.066581839772915,1.7950593e-06,1.5920722e-06,125546.54958999105,1745.8984768221046,117446.21747975337,1041.3035298579575,False,125937.96020588173,1374.943140115646,False,132186.65207204467,1937.9607206560756,False,137283.09515843843,2843.276555171071,False,141132.1451188138,3973.522901443117,False,0.5196964327729527,63.491398165868745,126488.84765511402,859.5878055833754,0.0,0.0028454233898773,False,237409.3125,2591.9453125,False,249188.9033203125,3653.306132565705,False,266052.3125,7490.603616990757,False,False,0.9796948641349116,119.68948173831608,False,False
[GGH2002] EIS J033125.60-280359.5,52.85661880371,-28.066556688660004,2025090600278,-1,r,20250906,r_57,0.1127193967678266,52.85659894144408,-28.06658263470392,745763590109134951,0,3169.213598370806,858.4145496263667,0.04133324,0.040483095,52.85659894144408,-28.06658263470392,2.2914355e-06,2.2567042e-06,126591.81716895562,1889.4952720879608,112269.67149080837,1098.4195970579758,False,125584.3528200418,1453.8985362249132,False,131398.45682278473,2060.2479639656904,False,134968.53128178828,3011.8362640896034,False,140447.8383087192,4211.351240534052,False,-0.9208249413296858,67.93852928133978,125580.5786098052,987.9875527294416,0.0,0.00054360601849,False,223530.9375,2587.832763671875,False,233879.6162109375,3667.090274595275,False,249986.8515625,7495.896342176581,False,False,-1.639000861068726,120.92559942073864,False,False
[GGH2002] EIS J033125.60-280359.5,52.85661880371,-28.066556688660004,2025090600279,-1,r,20250906,r_57,0.1294764942166934,52.85659905126488,-28.066588148802115,745763590238634340,0,2719.958987155378,2480.168488482867,0.03841494,0.036037084,52.85659905126488,-28.066588148802115,2.1145152e-06,2.0245764e-06,125772.73847210384,1794.6027030459115,115858.9800514043,1055.2037310774929,False,125667.9598105976,1394.1145722897577,False,132131.11682235578,1971.0190649140936,False,134978.06074371413,2886.183356586086,False,141489.80019887324,4031.4273583595536,False,1.5207699843002294,63.86210100534439,126610.84827894386,918.3349966442048,0.0,0.0010264282883232,False,231223.75,2565.112060546875,False,243115.6865234375,3626.59201436719,False,260335.26953125,7417.656442082865,False,False,2.798152680980236,117.5035744957582,False,False
[GGH2002] EIS J033125.60-280359.5,52.85661880371,-28.066556688660004,2025090600280,-1,r,20250906,r_57,0.1234964844644573,52.856603424077946,-28.06658819471994,745763590372851853,0,2448.5127673584248,1078.1605102816486,0.04611834,0.040887248,52.856603424077946,-28.06658819471994,2.5114516e-06,2.3301275e-06,126089.39251099048,1790.4427955519836,113095.149976141,1050.7109062913976,False,124714.30495476292,1388.8846921327547,False,129307.89363781866,1965.783427528422,False,130039.98553598268,2875.0070002068223,False,131186.67324026657,4019.545802158436,False,-0.565538496930144,63.25552240269472,124952.40993065565,943.9526348694594,0.0,0.0004536676648155,False,229338.359375,2554.03369140625,False,237785.5546875,3614.898437829245,False,241240.4609375,7391.582224942501,False,False,-1.0399742924150368,116.32120096010314,False,False
[GGH2002] EIS J033125.60-280359.5,52.85661880371,-28.066556688660004,2025090600281,-1,r,20250906,r_57,0.1167234750016614,52.8565946350736,-28.06658111090308,745763590513885467,0,3241.272663103388,1965.4252130260231,0.034250703,0.030575225,52.8565946350736,-28.06658111090308,1.8611031e-06,1.7468323e-06,126354.15559945852,1707.8496177290324,116893.37204947454,1023.6892162273788,False,124448.54727334715,1351.7265387096436,False,127028.3610153815,1915.952412964175,False,125913.14606630818,2800.5930774032627,False,121195.84384396682,3909.510147975688,False,-2.298328013071813,62.143580177026685,123059.92797073213,808.1952628226852,0.0,0.0115012372426739,False,238428.28125,2589.74365234375,False,243370.890625,3670.731806747847,False,232196.4970703125,7490.145972245593,False,False,-4.403316952361089,119.059541770186,False,False
[GGH2002] EIS J033125.60-280359.5,52.85661880371,-28.066556688660004,2025090600282,-1,r,20250906,r_57,0.139888756633663,52.85659473239636,-28.066589227585773,745763590646006231,0,192.1564564189885,3411.04552675702,0.023117758,0.02101558,52.85659473239636,-28.066589227585773,1.2570684e-06,1.1984343e-06,127019.95113498808,1743.3748948125951,115140.55179327176,1036.9129567316204,False,125006.84084725563,1370.514636025206,False,127324.0151935765,1936.466550039444,False,126652.15902193185,2834.984578998478,False,123572.44157770058,3959.9072779177527,False,-1.6193506640809838,63.36596050909522,125207.92395211752,857.9555659288052,0.0,1.2531536570659083e-06,False,236030.25,2587.7216796875,False,240405.396484375,3656.31737291025,False,233321.9052734375,7476.854054137676,False,False,-3.057558606314397,119.64372028829024,False,False
[GGH2002] EIS J033125.60-280359.5,52.85661880371,-28.066556688660004,2025090600284,-1,r,20250906,r_57,0.117737565213695,52.85659848119308,-28.06658403880193,745763590909722921,0,3328.541755311931,1520.253264593395,0.028215839,0.024419535,52.85659848119308,-28.06658403880193,1.5065706e-06,1.4255891e-06,125042.57685267378,1653.5039207780544,119589.22961011622,994.929015692073,False,124124.5501447745,1311.853145585312,False,125991.9017890627,1857.58204287618,False,127333.99400017344,2715.739540995137,False,129032.45279458842,3794.0857754665176,False,0.2737895559016302,59.79697316502028,124504.83837646872,732.6167155327004,0.0,0.0007878686962915,False,241062.3125,2547.750244140625,False,244688.896484375,3607.610439610183,False,250593.951171875,7368.494707860325,False,False,0.5317267487134054,116.13171298383214,False,False
[GGH2002] EIS J033125.60-280359.5,52.85661880371,-28.066556688660004,2025090600285,-1,r,20250906,r_57,0.1142717188556556,52.85659915549196,-28.06658327758109,745763591027163628,0,3737.578789030128,3287.112177146878,0.028383644,0.02513169,52.85659915549196,-28.06658327758109,1.5184794e-06,1.4612995e-06,121972.974444377,1659.8844695794564,118712.68080913808,996.9532173947096,False,123424.3049787412,1314.9620501836837,False,130486.9633860276,1861.74618251704,False,131089.44430801182,2719.464233006147,False,132904.78860700366,3800.418731396997,False,0.1027011157903837,59.32953931491847,123934.42289657328,752.6463388341131,0.0,0.0002600049948785,False,238926.5,2545.52197265625,False,252598.4931640625,3603.994362000047,False,257278.953125,7356.903862521435,False,False,0.1988102598278157,114.85095401240024,False,False
[GGH2002] EIS J033125.60-280359.5,52.85661880371,-28.066556688660004,2025110300325,-1,y,20251103,y_10,0.1092759761824785,52.85660090064428,-28.066582608243355,746018683113963732,0,3366.2803960863603,948.8175623241578,0.03336762,0.033841517,52.85660090064428,-28.066582608243355,1.8648493e-06,1.8711016e-06,214353.50351820103,4455.120810212251,200246.07722839536,2663.3817049684008,False,207638.4907026229,3514.5282166871884,False,208977.2403103485,4974.754840904917,False,200658.8292545564,7272.528816963293,False,196861.52211469284,10161.11964240321,False,-4.590471591982913,162.64950953625095,207202.12620175813,1862.9033497400376,0.0,0.0121464137334169,False,98734.109375,1671.192138671875,False,99370.69775390624,2365.5440131241157,False,93609.556640625,4831.710607944746,False,False,-2.182813613757144,77.34141396424364,False,False
[GGH2002] EIS J033125.60-280359.5,52.85661880371,-28.066556688660004,2025110300326,-1,y,20251103,y_10,0.1310680564574999,52.85659710105039,-28.066587652950982,746018683248181912,0,4078.138848601397,3016.955415398923,0.04167825,0.035034105,52.85659710105039,-28.066587652950982,2.2045276e-06,2.0738935e-06,,,198883.42870191776,2683.6657745310868,False,215317.1950541949,3544.772434228101,False,236076.4330016041,5005.942344763294,False,,,True,,,True,-2.846965666348042,164.99969643954293,199602.40409750416,1833.8900025408127,0.0,0.0046318689850091,False,101670.71875,1673.8076171875,False,111473.0322265625,2363.7580643990877,True,,,False,False,-1.344309939953116,77.91127748212469,False,False
[GGH2002] EIS J033125.60-280359.5,52.85661880371,-28.066556688660004,2025110400326,-1,r,20251104,r_57,0.1197138133912604,52.856599831180766,-28.066585420934228,746023081295217138,0,3547.1064661099704,2205.864600492627,0.016591085,0.017318431,52.856599831180766,-28.066585420934228,9.48732e-07,9.3692415e-07,126104.70682200386,1360.8049349001171,119803.74281289447,830.5798105562064,False,123529.71937098232,1089.6407384097,False,121765.96867744604,1533.4493123919622,False,124117.20756668526,2239.9680926434817,False,123026.35582381938,3124.965647489297,False,0.2492435389367543,49.15140953174864,122621.33198262,551.4688116917017,0.0,4.124074590383664e-05,False,254193.171875,2242.207275390625,False,250563.8154296875,3155.4539799109634,False,253157.3759765625,6430.395324951355,False,False,0.5128806740134655,101.14126992777076,False,False
[GGH2002] EIS J033125.60-280359.5,52.85661880371,-28.066556688660004,2025110400327,-1,r,20251104,r_57,0.1231917123070352,52.85659728786088,-28.0665851588064,746023081429435106,0,1026.6577380768952,3245.8385553510416,0.011139558,0.012641842,52.85659728786088,-28.0665851588064,6.7044465e-07,6.5424337e-07,123512.45465541682,1341.0685224116428,122213.33159677708,821.0270144050718,False,124751.29167261372,1075.6468474845117,False,127978.23151359092,1514.7402630732122,False,129360.30824229102,2211.088635100205,False,129465.57552190396,3085.0011440811395,False,1.2118373524923105,47.42501176416048,122984.20164393114,473.51776857615465,0.0,4.357205056426672e-06,False,260509.359375,2246.19775390625,False,267247.951171875,3163.1256900191897,False,270353.8671875,6442.191186483301,False,False,2.530594818953457,99.03432074639969,False,False
[GGH2002] EIS J033125.60-280359.5,52.85661880371,-28.066556688660004,2025110400329,-1,z,20251104,z_20,0.117084247814502,52.85659801361101,-28.06658354428823,746023081699967653,0,694.1693079524737,2780.0246859710364,0.022368839,0.022955647,52.85659801361101,-28.06658354428823,1.2538554e-06,1.2660965e-06,191427.78930270296,1956.0108695216425,178632.27290645966,1179.924380818476,False,192123.5176421116,1539.5731940926178,False,203100.4207009028,2153.5947980776136,False,206684.3348971071,3138.384994053595,False,203716.50740025635,4372.550492122411,False,-0.1766200208599105,70.0718865394752,191145.94924128265,945.9926778067994,0.0,0.0002741577925312,False,212406.0,1702.10595703125,False,224541.73486328125,2380.9498300597847,False,225222.8618438244,4834.160706758675,False,False,-0.1952657988526606,77.46937654987747,False,False
[GGH2002] EIS J033125.60-280359.5,52.85661880371,-28.066556688660004,2025110400330,-1,z,20251104,z_20,0.1086601855539771,52.85660091253948,-28.066582414156173,746023081835234224,0,593.3388603573042,2666.7003289690138,0.011461024,0.010485236,52.85660091253948,-28.066582414156173,6.237466e-07,5.972358e-07,191767.8116622059,1804.5943630678344,188872.0545411845,1119.2205139016596,False,192159.9504735286,1452.9361772283978,False,195197.62549710285,2033.5597073572517,False,196474.29255108695,2958.2256672550743,False,199470.2370737649,4122.631842808761,False,2.0312060168526958,63.30262032327873,189965.9024953853,698.5837248548365,0.0,0.0018216309123558,False,225169.0,1702.5201416015625,False,228728.48388671875,2382.882617410974,False,233735.04052734372,4830.813533860087,False,False,2.380124612239166,74.17668291674498,False,False
[GGH2002] EIS J033125.60-280359.5,52.85661880371,-28.066556688660004,2025110500320,-1,i,20251105,i_39,0.1176187448628108,52.85659647467921,-28.06658275082362,746027478542189296,0,465.5217771036874,2317.257758075752,0.014485702,0.014178549,52.85659647467921,-28.06658275082362,8.047307e-07,7.887625e-07,170993.31515945654,1335.9221069473183,162376.43573942225,826.5227956054189,False,169912.38738029587,1070.376275408676,False,172313.56794962342,1494.0061052052874,False,173073.09210010528,2169.180127339524,False,169846.78124595172,3018.48269286408,False,-0.6506401024743044,49.30317999290108,170508.21615123865,622.569253941487,0.0,1.6563136890801466e-05,False,281617.1875,1774.0693359375,False,285596.9663085937,2476.204377695264,False,281508.4501953125,5002.911321463702,False,False,-1.078387741815545,81.71636629017915,False,False
[GGH2002] EIS J033125.60-280359.5,52.85661880371,-28.066556688660004,2025110500321,-1,i,20251105,i_39,0.112735904340997,52.85659893268741,-28.066582635017244,746027478674834172,0,544.5399780248658,2680.265371309445,0.016225323,0.018276718,52.85659893268741,-28.066582635017244,9.03952e-07,1.014165e-06,173132.86085786295,1352.8015501923248,161556.81913835206,832.1370041575772,False,170554.74232095847,1078.6226702271606,False,174434.75161408863,1506.736701585662,False,175653.87679657113,2185.736175680265,False,171235.04825945795,3042.1377162799217,False,-0.5215366715616274,47.199762690804285,169593.60540235994,656.9482642202781,0.0,0.0004036947247824,False,280717.34375,1775.313232421875,False,287103.48046875,2479.94936314232,False,281837.064453125,5007.077536599521,False,False,-0.8584011626805728,77.68644734169168,False,False
[GGH2002] EIS J033125.60-280359.5,52.85661880371,-28.066556688660004,2025110500322,-1,g,20251105,g_6,0.1212051190059049,52.85660750041488,-28.066588845441924,746027478812197090,0,229.1640493745682,2580.267678907696,0.039169915,0.03856315,52.85660750041488,-28.066588845441924,2.1756534e-06,2.1459048e-06,57104.150309035984,1416.5531335527944,50408.52177142423,820.0715236695182,False,56755.7453240402,1088.6631657098549,False,59107.83668409271,1547.089053789251,False,61665.53720427582,2266.853580989979,False,63849.81673093951,3168.2651995629826,False,-0.1442988490072753,50.639324918585466,56433.98836545167,737.4454424017844,0.0,0.0041619681149126,False,119595.4765625,2294.026611328125,False,124551.7939453125,3260.019785066256,False,134544.07508468628,6676.15559014821,False,False,-0.3040659499036746,106.70698026894298,False,False
[GGH2002] EIS J033125.60-280359.5,52.85661880371,-28.066556688660004,2025110500323,-1,g,20251105,g_6,0.1045055899544118,52.856601539160735,-28.06658139937034,746027478940123314,0,1880.4362512894552,1943.8505558656827,0.05976521,0.05810652,52.856601539160735,-28.06658139937034,3.3152394e-06,3.2390249e-06,54963.32462877767,1379.5949916427471,49824.91946822062,805.3306086461359,False,54623.00909180241,1069.2591768089328,False,56226.86019987865,1516.827623758495,False,58131.46646104716,2225.7506637877395,False,54870.18034718531,3111.793499704961,False,-1.0514061400275234,49.17614083919855,54664.9174522832,683.6185899578418,0.0,0.0042840157765818,False,117749.7578125,2304.981201171875,False,121207.1484375,3269.795793210468,False,118282.580078125,6708.03269620239,False,False,-2.2664957571771005,106.00804990873398,False,False
[GGH2002] EIS J033125.60-280359.5,52.85661880371,-28.066556688660004,2025110800168,-1,z,20251108,z_20,0.1174108198366661,52.85659874137851,-28.066584079958997,746040652274336076,0,4048.3147234996495,809.5444357394472,0.012390067,0.011740279,52.85659874137851,-28.066584079958997,6.615364e-07,6.803769e-07,192033.1254916549,1487.273102615192,188702.912326433,940.0688432527094,False,192613.59534772945,1207.2977086129868,False,194465.04744410235,1677.8431685733722,False,196664.8987000028,2427.226690208731,False,194396.797015748,3373.3852723380464,False,0.7154283590611077,53.19052535953913,193726.16287031997,687.568484471952,0.0,0.0004016068785578,False,232425.78125,1456.839599609375,False,234659.91845703125,2024.6442550777012,False,234577.56103515625,4070.645719295832,False,False,0.8633035221786263,64.18471857850898,False,False
[GGH2002] EIS J033125.60-280359.5,52.85661880371,-28.066556688660004,2025110800169,-1,z,20251108,z_20,0.1101585593386675,52.85659848726095,-28.06658148681808,746040652409079137,0,1955.3810885488897,3782.131079607808,0.013546504,0.014561891,52.85659848726095,-28.06658148681808,7.988396e-07,7.645662e-07,190915.4592584445,1507.9325194253092,186828.515991388,948.3443675192096,False,192205.8493054296,1219.300366864839,False,195616.18601004235,1692.826233475016,False,198142.3721920876,2450.7608491602664,False,203905.8358901225,3407.386270697029,False,2.812091733241984,53.62765526860609,190170.86273917533,713.272054136345,0.0,0.0002362558282436,False,230281.09375,1460.839111328125,False,234367.00512695312,2028.168643056522,False,244298.8029785156,4082.376473350543,False,False,3.369156362287691,64.251088898332,False,False
[GGH2002] EIS J033125.60-280359.5,52.85661880371,-28.066556688660004,2025110800174,-1,r,20251108,r_57,0.1182375774227192,52.85659924100329,-28.06658463022545,746040653079643743,0,1443.1836235523244,2849.8878945290016,0.007957077,0.008708611,52.85659924100329,-28.06658463022545,4.4886065e-07,4.782251e-07,124694.35618870362,559.3215410449953,122567.91483901531,385.0595222809987,False,124265.65376745304,469.0135035450892,False,124934.30547920163,622.5156876747866,False,124807.85171770102,877.0447001896258,False,123515.8859279168,1204.0072843278988,False,-0.3790120021189093,18.011732187390816,123659.78908360648,329.4878766838264,0.0,0.0005064583626608,False,264928.5625,999.9148559570312,False,266354.0966796875,1327.1743339314862,False,263330.0925292969,2566.8872243125265,False,False,-0.808035863872055,38.40017069777198,False,False
[GGH2002] EIS J033125.60-280359.5,52.85661880371,-28.066556688660004,2025110800175,-1,r,20251108,r_57,0.1169563491109673,52.85659854688008,-28.06658381721721,746040653237977105,0,482.4072647155587,34.72456735922331,0.007889465,0.007733056,52.85659854688008,-28.06658381721721,4.3774833e-07,4.3087903e-07,125540.08932958353,561.7907299452647,123052.62594007264,385.9899453127613,False,125146.71962333447,470.46875247309737,False,125845.93087502876,625.1351114538478,False,125757.5221835708,880.9548434975557,False,126298.90458947251,1210.292440782926,False,0.1583948089107667,18.754329851119397,123541.43113414387,325.65694651629275,0.0,1.4120683078377994e-05,False,266961.375,1003.597900390625,False,268452.92346191406,1333.5301909374236,False,269419.201171875,2581.780290494098,False,False,0.3378857720518002,40.00649557037888,False,False
[GGH2002] EIS J033125.60-280359.5,52.85661880371,-28.066556688660004,2025110900380,-1,g,20251109,g_6,0.1218649836842928,52.85658744111647,-28.06657618337008,746045078776578162,0,4083.447281641199,286.36975982622755,0.09958457,0.08649792,52.85658744111647,-28.06657618337008,5.1653847e-06,5.2048044e-06,,,63043.00785319462,358.0626496367132,True,64211.29126590892,454.1323384476641,True,,,True,,,True,,,True,-0.6176035369597135,19.201468233276763,57023.1393885589,268.6221292152289,,,True,146838.078125,1038.5076904296875,True,,,True,,,True,True,-1.4123328564568935,43.90982702522808,True,False
[GGH2002] EIS J033125.60-280359.5,52.85661880371,-28.066556688660004,2025110900381,-1,g,20251109,g_6,0.1190473058122161,52.856598009869685,-28.06658419994134,746045078911844422,0,507.1971913790837,319.79071826262464,0.021226691,0.020419057,52.856598009869685,-28.06658419994134,1.1591918e-06,1.1570382e-06,55897.02356494922,548.4592155786958,53188.49680830321,345.2641383889318,False,55416.13183186836,442.46550399853845,False,56041.27542743556,612.2340091878108,False,55241.73976608927,884.7278462760995,False,54987.845764145786,1227.9042856673473,False,-0.3037161929141859,18.96973174419634,55704.29250933832,278.51791597876075,0.0,0.0011786815055897,False,127555.4921875,1018.4562377929688,False,128994.43237304688,1409.225216455255,False,126569.673828125,2826.359948627227,False,False,-0.6990864788257191,43.66406295980958,False,False
[GGH2002] EIS J033125.60-280359.5,52.85661880371,-28.066556688660004,2025110900382,-1,i,20251109,i_39,0.1157755716913758,52.856599911583125,-28.06658419055671,746045079043965604,0,1103.2328887435135,1570.2824292671532,0.013405967,0.01228403,52.856599911583125,-28.06658419055671,7.452806e-07,6.828994e-07,169605.65976070007,896.3471383121528,162628.2319261743,584.1564575585423,False,168876.02586583365,732.7692785171255,False,171922.45109749815,996.6528471529386,False,173732.55079752987,1424.265446783102,False,173443.51961705665,1967.8878259930225,False,-0.0775658034933471,30.07998737384433,168747.80950860752,497.9203621388608,0.0,0.0003702172535867,False,287314.78125,1246.6864013671875,False,292497.7727050781,1695.6408897816805,False,295085.62060546875,3348.037457364832,False,False,-0.1319654566058823,51.17615095457637,False,False
[GGH2002] EIS J033125.60-280359.5,52.85661880371,-28.066556688660004,2025110900383,-1,i,20251109,i_39,0.1210579355090659,52.85659806412252,-28.06658489992213,746045079202300194,0,281.734352007166,711.6444587315954,0.011075821,0.011227354,52.85659806412252,-28.06658489992213,6.157403e-07,6.2409447e-07,170954.1996525734,888.8296421138309,164958.16898465404,581.8998487027856,False,170372.776417831,728.7747274908155,False,173098.01947670503,989.844624932815,False,174146.67214295545,1413.425780627788,False,172905.38362721915,1954.085411792627,False,-0.2831642808523472,30.743345192106943,170892.78187466395,483.12856022828095,0.0,1.733338328424594e-08,False,293064.78125,1253.593505859375,False,297752.5769042969,1702.6699017100916,False,297421.2165527344,3361.297654423193,False,False,-0.4870817965793362,52.88281334056553,False,False
[GGH2002] EIS J033125.60-280359.5,52.85661880371,-28.066556688660004,2025111100196,-1,g,20251111,g_6,0.1142324131702832,52.85659840576506,-28.06658282102096,746053850173540212,0,3450.2361581529262,3716.99745921717,0.014166987,0.01336974,52.85659840576506,-28.06658282102096,7.5272703e-07,7.788474e-07,55759.3506794654,345.1185873226625,54134.72094095445,238.3576683991114,False,55656.44089772924,289.2534137268704,False,56460.30543565776,380.9277607700753,False,56905.78177169681,535.4895466906976,False,57301.71747815712,733.3212086315666,False,0.2284941584642809,11.429621907419053,55686.42369847871,218.992317381743,0.0,0.0003434641968405,False,128854.359375,669.6720581054688,False,130715.4458618164,881.9141466910422,False,132663.4613647461,1697.766386606594,False,False,0.5290037942588941,26.46156644269065,False,False
[GGH2002] EIS J033125.60-280359.5,52.85661880371,-28.066556688660004,2025111100197,-1,g,20251111,g_6,0.1122362076363978,52.85659967034023,-28.06658289823497,746053850307232605,0,2486.103577082064,1681.4563671983724,0.014110991,0.013406427,52.85659967034023,-28.06658289823497,7.553451e-07,7.7499226e-07,55782.368010071965,342.6444687896125,53977.63481281991,236.12894575371425,False,55525.06567392725,286.7520480216708,False,56300.42878239908,378.7528638797706,False,56461.70109299431,530.8339037629497,False,56825.71438405636,728.2927596010962,False,0.1048940472196848,11.3293343107944,55734.68468468946,215.91107553992805,0.0,0.0033043045488376,False,128090.6796875,661.5078125,False,129879.36352539062,873.7443383291287,False,131091.14398759604,1680.0973300351125,False,False,0.2419798993565391,26.13562207739984,False,False
[GGH2002] EIS J033125.60-280359.5,52.85661880371,-28.066556688660004,2025111100215,-1,i,20251111,i_39,0.1177364628234237,52.85659947700673,-28.06658459480921,746053852723151723,0,2947.4081354125533,1354.4309107810238,0.0094993375,0.007561039,52.85659947700673,-28.06658459480921,5.278083e-07,4.2060776e-07,169167.38358221023,724.3416260745055,165784.36039406992,497.2846233760374,False,169219.0607645257,605.7492122545674,False,171103.15961257112,805.3230935345189,False,173094.1585787819,1133.432748995671,False,174152.85612367,1553.7781903786215,False,1.6221938928807995,24.29351464485676,170508.32299220763,434.9920102265633,0.0,5.68551068225176e-05,False,291772.84375,1044.451904296875,False,295021.46643066406,1388.5634873312813,False,300279.84937876463,2679.073380476637,False,False,2.797037893375052,41.88764445676478,False,False
[GGH2002] EIS J033125.60-280359.5,52.85661880371,-28.066556688660004,2025111100216,-1,i,20251111,i_39,0.115957905232053,52.85659958377022,-28.066584072717845,746053852857894922,0,2954.8854590526503,3065.3707018557548,0.008546163,0.007235372,52.85659958377022,-28.066584072717845,4.751074e-07,4.022946e-07,168508.47686463478,725.6532712510808,165625.77368535512,497.9657806863192,False,168387.1519497514,606.3805290352777,False,170557.2961227508,805.3327298183682,False,170958.2708210755,1133.661100425532,False,171940.52729361455,1555.6087213174228,False,1.2402168643879024,24.573477870640197,168950.0048269419,426.4624191954542,0.0,0.0001788810174685,False,290273.3125,1045.305908203125,False,294014.30419921875,1388.2686205109271,False,296398.7800292969,2681.6279701995654,False,False,2.137941364740632,42.36086149425907,False,False
[GGH2002] EIS J033125.60-280359.5,52.85661880371,-28.066556688660004,2025111500098,-1,u,20251115,u_24,0.0600879851294453,52.85661119962023,-28.06657197168391,746071429184749828,0,1985.6290862447024,2686.1993780962425,0.26821047,0.27456063,52.85661119962023,-28.06657197168391,1.5105305e-05,1.5076107e-05,7633.953433437259,696.4324572691544,6791.337887552802,422.4794049503196,False,7411.599171004443,552.8895883932869,False,7146.192836086515,773.9676636293152,False,6225.180103630051,1126.899386293547,False,9554.379701267851,1574.8299889665172,False,0.7190022601518675,24.904720817832107,7449.385071224778,368.02540909123934,0.0,0.0615291495490104,False,2400.161376953125,179.0469512939453,False,2314.212579727173,250.6405500881905,False,3094.076272964477,509.9906278758858,False,False,0.2328406346514068,8.065108167831495,False,False
[GGH2002] EIS J033125.60-280359.5,52.85661880371,-28.066556688660004,2025111500099,-1,u,20251115,u_24,0.2032983368469391,52.856558179633424,-28.0665747819788,746071429339939198,0,714.060232729865,3943.31650599286,0.27317587,0.29765013,52.856558179633424,-28.0665747819788,1.6020187e-05,1.5752223e-05,6951.549871625632,696.7461729638968,6296.752552077375,418.3220154432313,False,7066.995377641287,547.9139100943255,False,8407.063950850996,771.2319795342837,False,6315.800359690003,1117.317078543206,False,6019.607148990757,1557.3319129010315,False,-0.547917356987824,24.410949567724494,6750.054728087938,378.0497861194701,0.0,0.0147604523294395,False,2250.206787109375,174.46163940429688,False,2676.8989295959477,245.5684972250639,False,1916.7071914672847,495.8711097051184,False,False,-0.1744627369319915,7.772706993818907,False,False
[GGH2002] EIS J033125.60-280359.5,52.85661880371,-28.066556688660004,2025111700047,-1,u,20251117,u_24,0.1178448787258598,52.85658326977046,-28.06656609136896,746080218454687899,0,745.0,2710.0,,,52.85658326977046,-28.06656609136896,,,8289.86942849004,1171.176565283329,7948.295254539984,711.6883831635391,True,8475.36925605694,934.5667760212932,True,8099.426580649643,1311.0881316235318,True,7839.715610224237,1919.21737979066,True,9687.348268551705,2681.523938656529,True,1.3323076538545162,41.460881009238136,7147.084485197295,571.1917065858646,,,True,1770.064208984375,195.18243408203125,True,1691.5493202209473,273.8181790666535,True,2023.1836433410645,560.0310034820795,True,True,0.2782498345731049,8.659023498588597,True,False
[GGH2002] EIS J033125.60-280359.5,52.85661880371,-28.066556688660004,2025111700049,-1,u,20251117,u_24,0.153797762740121,52.85660054570589,-28.06659625600006,746080218721026181,0,3982.374741371336,2596.3468974798657,0.50092506,0.4155904,52.85660054570589,-28.06659625600006,2.5300029e-05,2.5871936e-05,7200.854377106917,1179.0276271738066,5924.362126500029,708.8981979208581,False,6051.028856888307,935.5079581889884,False,4715.672562311413,1325.0363031782074,False,984.5420600256796,1935.9223314362264,False,-547.9452009571928,2708.1940301590284,False,-1.2402540030827731,42.30398936234416,6422.361382444232,562.3058202668568,0.0,0.0056381310750818,False,1209.763916015625,187.0332794189453,False,942.7901668548584,264.91050446255105,False,-109.54902839660645,541.4410495705555,False,False,-0.2479602353764095,8.457708770602459,False,False
[GGH2002] EIS J033125.60-280359.5,52.85661880371,-28.066556688660004,2025112200246,-1,z,20251122,z_20,0.1134650577749623,52.85660023834824,-28.06658361477218,746102235397619855,0,1958.5062779080745,340.4208917790241,0.011713824,0.012687354,52.85660023834824,-28.06658361477218,6.944371e-07,6.629268e-07,192133.386174254,1205.5826397758683,186959.9984752112,785.2110843371898,False,192375.9992415034,988.2635595735968,False,195845.56795211136,1348.9653012166857,False,198515.7950269552,1936.589274381624,False,195327.5479589528,2674.1105634988958,False,-0.5895526017813859,40.69982864696338,193499.6393146477,636.4509678209506,0.0,4.2430203537002775e-05,False,218372.125,1121.8094482421875,False,222310.54296875,1531.2534855668237,False,221722.52197265625,3035.46808613649,False,False,-0.669219938858699,46.19967201634073,False,False
[GGH2002] EIS J033125.60-280359.5,52.85661880371,-28.066556688660004,2025112200247,-1,z,20251122,z_20,0.1091760298475273,52.85660024153046,-28.06658221170613,746102235508769758,0,2232.20246280783,2151.20939332882,0.011377641,0.012122407,52.85660024153046,-28.06658221170613,6.6408415e-07,6.428333e-07,194410.8237519893,1214.0255735048877,187044.202489306,788.9064465788387,False,193841.30861341328,993.3875809711948,False,196644.9544230684,1354.5112653242393,False,198524.93363180672,1942.3302315634612,False,200002.78899395745,2684.709624117738,False,1.6532461284099798,41.83672952548237,192699.9592639347,627.4009568855954,0.0,0.0007239036919041,False,221424.75,1134.7457275390625,False,224627.35205078125,1547.256982745367,False,228463.00341796875,3066.741354539788,False,False,1.8885015443313853,47.79005797197002,False,False
[GGH2002] EIS J033125.60-280359.5,52.85661880371,-28.066556688660004,2025112200248,-1,r,20251122,r_57,0.1128013552005667,52.85659946010968,-28.066582965202063,746102235665007545,0,3738.820345523782,1795.2950788152884,0.009094661,0.01088083,52.85659946010968,-28.066582965202063,5.872573e-07,5.262415e-07,124397.94554077412,465.70516945675286,117100.14791601266,333.7972679317424,False,124185.1893533598,396.2351726186288,False,127286.33306177398,507.7694420623602,False,127568.52899116668,695.4337739666425,False,126616.1617344,941.3703487877456,False,-0.2981486554829001,14.48919824629736,124237.34590036915,354.62764259582286,0.0,0.0003389866073018,False,251543.375,802.5943603515625,False,257824.89825439453,1028.5126579369946,False,256467.43237304688,1906.7932004774943,False,False,-0.6039151644604059,29.34860305722209,False,False
[GGH2002] EIS J033125.60-280359.5,52.85661880371,-28.066556688660004,2025112200254,-1,u,20251122,u_24,0.1088159039214636,52.85659971506104,-28.066581787153428,746102236470837269,0,1049.12425234457,229.14260832293155,0.1537754,0.17456488,52.85659971506104,-28.066581787153428,9.102823e-06,9.1917855e-06,8531.128587469788,653.9657810388961,7547.656199133926,405.0977983384197,False,8083.000179893174,526.884206872389,False,7755.781016880168,735.433181377873,False,7575.028692445231,1070.7410318583522,False,9715.001413203794,1495.15763585956,False,0.5394139195388246,23.98774812494525,7109.3247659613335,279.2885367189907,1.0,0.1820444973506285,False,2705.580078125,176.36117553710938,False,2596.051731109619,246.167675373522,False,3251.85125541687,500.4662406541678,False,False,0.1805551802656094,8.02929258957284,False,False
[GGH2002] EIS J033125.60-280359.5,52.85661880371,-28.066556688660004,2025112200301,-1,r,20251122,r_57,0.1201070316977239,52.856598161948256,-28.06658464098609,746102242822063843,0,2358.341542460736,2788.904977374011,0.0080344975,0.01132683,52.856598161948256,-28.06658464098609,4.8428905e-07,5.987896e-07,125306.02688582116,516.5319163589155,122194.54610388374,371.0321976893307,False,125609.33375872254,439.5633394985763,False,127931.69935694548,567.0347194518637,False,129295.08308701056,780.9447876395775,False,129992.83079802578,1060.326765761573,False,0.8479232396159818,16.21068750597669,124320.59314839328,354.42021007219296,0.0,3.381280392122932e-06,False,250315.265625,875.9652709960938,False,254943.29400634769,1129.9912368839723,False,259050.73291015625,2113.0274962745298,False,False,1.68974808322591,32.304785222544375,False,False
[GGH2002] EIS J033125.60-280359.5,52.85661880371,-28.066556688660004,2025112600270,-1,i,20251126,i_39,0.1178267092235989,52.85659976236926,-28.06658477635465,746119830782347752,0,1871.3227868601668,3865.673675092512,0.006996838,0.0077055395,52.85659976236926,-28.06658477635465,3.9209533e-07,4.2542314e-07,169160.68320442573,718.1964656474912,165995.82720978349,495.1987491790539,False,168259.2440776449,602.257912473138,False,168551.73332999533,798.906956115615,False,168163.01542204586,1123.9648770987376,False,166762.92468663625,1542.857536050531,False,-0.8437545354164331,23.70505815980233,169749.35540447265,423.43507535411646,0.0,0.0001155132102583,False,290020.4375,1038.083251953125,False,290524.58728027344,1377.037833520303,False,287441.30310058594,2659.3499813838584,False,False,-1.454339467917502,40.859278645613685,False,False
[GGH2002] EIS J033125.60-280359.5,52.85661880371,-28.066556688660004,2025112600271,-1,i,20251126,i_39,0.1207061814752767,52.856598834196426,-28.066585214487404,746119830938583986,0,3437.732626085002,1486.3060306180914,0.0072010686,0.007415754,52.856598834196426,-28.066585214487404,4.0098763e-07,4.1156036e-07,167986.38101434964,721.2613127597563,165258.41179796096,496.5708925782176,False,167670.77519269078,604.3860845091417,False,168341.63629165635,801.6016414490775,False,169118.85218004632,1129.5437588219374,False,167732.51583085756,1550.439678732776,False,0.2390743758452287,23.997497957565805,168903.35007243973,425.9605242281889,0.0,9.429093543733558e-07,False,288612.0625,1040.3310546875,False,289766.8171386719,1379.7986129433068,False,288718.3367919922,2668.775121643325,False,False,0.4115192324022818,41.30694435218742,False,False
[GGH2002] EIS J033125.60-280359.5,52.85661880371,-28.066556688660004,2025112600272,-1,i,20251126,i_39,0.1139263515594635,52.85660011057768,-28.06658369611266,746119831050783095,0,1875.445177657476,3866.013722993456,0.008122827,0.008063895,52.85660011057768,-28.06658369611266,4.5127362e-07,4.4851592e-07,169280.70163631518,724.033934080798,166286.19664953518,497.6412720087,False,169291.90270269557,605.8760482022551,False,171045.51668707203,803.6107793284885,False,172045.29409181656,1129.7507416633753,False,172776.78186029042,1551.636898655183,False,0.5027651706121646,24.08858970237289,168807.7803910572,426.1143695727336,0.0,8.894128426306658e-06,False,290981.3125,1041.3883056640625,False,293995.4489746094,1381.257553226308,False,296971.1719970703,2666.975408073818,False,False,0.8641598734992817,41.40380807332518,False,False
[GGH2002] EIS J033125.60-280359.5,52.85661880371,-28.066556688660004,2025112600273,-1,i,20251126,i_39,0.1161731080169085,52.856599481253376,-28.066584086919576,746119831207019451,0,3442.0778542067574,1486.0438933507785,0.007945984,0.007905797,52.856599481253376,-28.066584086919576,4.415408e-07,4.3959858e-07,169882.21616893623,723.3996858441675,166763.13231903425,499.1268003761893,False,169951.1683158438,607.6142092034346,False,172544.0924592891,803.6132954213908,False,172028.10530041665,1132.440390215162,False,171309.4768874734,1555.767578364388,False,-0.0201612459243783,23.93337436072331,170653.17041156132,436.7920610160164,0.0,9.561805995039752e-05,False,291600.5,1042.538330078125,False,296049.4130859375,1378.8315848234115,False,293931.0721435547,2669.3703151939544,False,False,-0.0345924623551034,41.06464227009069,False,False
[GGH2002] EIS J033125.60-280359.5,52.85661880371,-28.066556688660004,2025112600274,-1,i,20251126,i_39,0.1099585186946604,52.85660209613342,-28.06658343913772,746119831319218733,0,1908.419002156952,3877.279295862169,0.007142528,0.006803696,52.85660209613342,-28.06658343913772,3.956064e-07,3.7965611e-07,170869.34183703197,721.3120378577387,167463.850693958,497.4143924035296,False,170433.62982999877,605.2487778543955,False,171323.1421958777,803.3457649872445,False,172718.76937277426,1130.3771154909882,False,173963.4857855512,1550.8583413280544,False,0.5696497187660594,24.1987052005776,169860.06129572014,420.498580253859,0.0,0.0001498545130852,False,293858.46875,1043.55859375,False,295392.1492919922,1385.1137044456543,False,299944.5802001953,2673.9608719558664,False,False,0.9821793635882428,41.7229537566462,False,False
[GGH2002] EIS J033125.60-280359.5,52.85661880371,-28.066556688660004,2025112600275,-1,i,20251126,i_39,0.1175298546747746,52.85659939628429,-28.06658448376731,746119831475454955,0,3463.6986133297128,1494.6892777903188,0.007464974,0.0065884246,52.85659939628429,-28.06658448376731,4.1227682e-07,3.6923686e-07,169890.10293313375,724.57478143601,167049.00892492424,499.1577180643881,False,169427.06437392248,607.2838955106354,False,171368.10012562483,806.0121762997619,False,172831.7783095912,1134.4499823793783,False,171124.73085702016,1556.6991506023312,False,1.2796638059523118,24.26115562791113,168962.45297204214,426.65526617011017,0.0,0.0003946882229145,False,291202.65625,1043.768798828125,False,294538.81018066406,1385.3329016568855,False,294120.5194091797,2675.575648510676,False,False,2.199421330808664,41.698845391963005,False,False
[GGH2002] EIS J033125.60-280359.5,52.85661880371,-28.066556688660004,2025112800039,-1,i,20251128,i_39,0.1205245224285697,52.85659921839715,-28.066585362243565,746128595890471904,0,768.7229691341458,1895.306364169112,0.010161863,0.007952063,52.85659921839715,-28.066585362243565,5.5905576e-07,4.49373e-07,169610.25251394088,861.0426748898017,165055.3389203821,569.3138513767027,False,169146.55536832774,709.7631948818989,False,171346.86239290657,961.4838773193968,False,171912.3093229711,1371.3427307629786,False,171654.5147600937,1893.2424443377945,False,0.4752280996206151,29.319937571318352,169755.01311973608,463.8788774901024,0.0,6.915183787803425e-05,False,287870.625,1207.9464111328125,False,291615.3288574219,1636.3499929906643,False,292138.9226074219,3222.110462381312,False,False,0.8087909904960735,49.899619505918885,False,False
[GGH2002] EIS J033125.60-280359.5,52.85661880371,-28.066556688660004,2025112800040,-1,i,20251128,i_39,0.1154473749710453,52.85659809877281,-28.066583044059847,746128596025214904,0,397.5883910839718,3736.966087444629,0.009758764,0.007677966,52.85659809877281,-28.066583044059847,5.3580686e-07,4.3528422e-07,169251.62298240964,854.5090392935903,165717.62900797906,565.747132179847,False,169233.23630071478,704.2156354912757,False,171490.3838725424,953.0451524507024,False,171878.9369844772,1355.9901124467217,False,171631.9050946656,1872.841126414136,False,0.9102968406076446,28.274731015455004,169658.20794499677,456.19417529244754,0.0,6.985635804868107e-05,False,287988.28125,1198.3807373046875,False,291829.32373046875,1621.8199297460503,False,292070.1538085937,3187.058930267842,False,False,1.549074096107642,48.11579194454347,False,False
[GGH2002] EIS J033125.60-280359.5,52.85661880371,-28.066556688660004,2025112800297,-1,i,20251128,i_39,0.1202575623668249,52.856598938082094,-28.06658512462177,746128630489285046,0,1493.9248987786443,933.209439192794,0.010414715,0.009839748,52.856598938082094,-28.06658512462177,5.748738e-07,5.4916546e-07,168192.28410280583,864.1339596595673,162691.32068051223,569.0021121885451,False,168801.38192498928,708.9882632948973,False,172833.71418774335,957.5127077440568,False,174356.4720273834,1363.9401054586613,False,174062.88822822983,1881.10732986683,False,0.9883245120278452,29.277861062871462,169061.8949762027,482.2191814124047,0.0,3.340928875816829e-05,False,283339.5,1190.0635986328125,False,290107.9221191406,1607.22127249175,False,292171.13720703125,3157.5097562154424,False,False,1.6589400506220495,49.14399645323873,False,False
[GGH2002] EIS J033125.60-280359.5,52.85661880371,-28.066556688660004,2025112800298,-1,i,20251128,i_39,0.1160865261646775,52.856598522939485,-28.06658351331394,746128630689563273,0,2288.749182442857,1170.9938988341892,0.009235928,0.007988957,52.856598522939485,-28.06658351331394,5.0849746e-07,4.4736964e-07,168025.58950979542,841.4998819446223,164012.7952936383,559.9713873677921,False,168555.36322933878,693.6638444191524,False,172531.11927218887,931.6413185772656,False,174110.208190639,1325.911120876293,False,175075.30479300953,1826.844654576908,False,2.391723130794401,29.190831177807077,169697.8354295637,474.2552371075299,0.0,7.29402256260947e-07,False,285787.28125,1176.1138916015625,False,292528.21484375,1579.607046819962,False,296841.9064941406,3097.433134698113,False,False,4.055190163972758,49.49334224614661,False,False
[GGH2002] EIS J033125.60-280359.5,52.85661880371,-28.066556688660004,2025112900038,-1,z,20251129,z_20,0.1163646371487431,52.85659900788559,-28.066583885773536,746132993804337852,0,3146.085780901062,1812.3686425455228,0.012831783,0.011864699,52.85659900788559,-28.066583885773536,7.1204715e-07,6.6088637e-07,192044.8879535093,1567.7724024205786,186709.67460713856,982.3522758828792,False,191163.91763351005,1266.0282846691646,False,194671.385677304,1762.019730335467,False,195282.1294855791,2551.671725056029,False,195508.30773469963,3549.8736489259345,False,1.600100375066848,56.2040967809575,190126.25543108265,681.5904414596602,0.0,2.429321125407835e-05,False,227773.3125,1508.482666015625,False,231952.48828125,2099.460377445796,False,232949.6875,4229.702393536763,False,False,1.9065321911857511,66.96762369356877,False,False
[GGH2002] EIS J033125.60-280359.5,52.85661880371,-28.066556688660004,2025112900039,-1,z,20251129,z_20,0.1173697969662967,52.85659789519124,-28.0665835688698,746132993940652946,0,3680.0632564452894,2262.7247489455985,0.011481698,0.010971708,52.85659789519124,-28.0665835688698,6.3786905e-07,6.103715e-07,188432.3120792957,1583.7191996772424,185662.6722044041,991.719810575256,False,189047.55794158636,1278.607758563256,False,193926.481821017,1778.9520877126229,False,193890.33212319727,2579.965546954068,False,190730.80282234383,3588.7234827920074,False,0.9265978309213428,54.772119312158175,187768.76428392855,664.4508961712088,0.0,0.0001487097632704,False,225362.0,1524.217529296875,False,231178.1240234375,2120.673785772829,False,227368.58203125,4278.087008026156,False,False,1.1045894622802734,65.29338165923633,False,False
[GGH2002] EIS J033125.60-280359.5,52.85661880371,-28.066556688660004,2025112900046,-1,z,20251129,z_20,0.1147899962421155,52.85659951984152,-28.066583654858142,746132994876506199,0,2487.8850685483667,246.6742402452044,0.010456868,0.010118651,52.85659951984152,-28.066583654858142,5.8064455e-07,5.631317e-07,190055.467658574,1495.647645686623,187346.5820401961,945.1466106168256,False,191053.9770506353,1213.60920780552,False,192688.5686245277,1684.6446882940074,False,195906.4736885039,2436.651715361228,False,196535.65551561225,3387.9274966952835,False,2.0881098895307137,53.4634725886014,189663.2164430983,637.8123694969171,0.0,9.976500809016908e-05,False,228557.046875,1451.83544921875,False,230512.5017089844,2015.333158377992,False,235114.75512695312,4052.963019273147,False,False,2.497996834554957,63.95812115072962,False,False
[GGH2002] EIS J033125.60-280359.5,52.85661880371,-28.066556688660004,2025112900047,-1,z,20251129,z_20,0.1052372376977991,52.85659882708931,-28.06658000855816,746132995008627962,0,4000.756157304302,2984.1035131264894,0.011001023,0.010702222,52.85659882708931,-28.06658000855816,6.111119e-07,5.9532965e-07,190986.9103917832,1501.546827874139,187084.9507710405,946.722877744358,False,190865.1212909053,1215.9833487767285,False,193590.9111497086,1687.113526556073,False,195487.06087874837,2441.49200291698,False,197344.309640086,3395.099660713813,False,2.31596927095944,53.39097671038122,191109.59116905,658.3701281045614,0.0,0.0008531440282143,False,228545.78125,1456.043212890625,False,231809.6975097656,2020.1840775115645,False,236304.09326171875,4065.361440222559,False,False,2.773188746076255,63.93144227423634,False,False
[GGH2002] EIS J033125.60-280359.5,52.85661880371,-28.066556688660004,2025113000041,-1,z,20251130,z_20,0.1159035144705323,52.856599120067,-28.066583797094747,746137392255075422,0,3904.986690484941,2143.302450075763,0.008583185,0.0069785356,52.856599120067,-28.066583797094747,4.7360552e-07,3.9222232e-07,191931.1912456851,1345.502022742346,186543.6412107784,861.2805499599324,False,191212.10134615636,1097.376912500987,False,191410.6772132805,1511.1862434398315,False,191423.1765251849,2179.326282224562,False,189422.300586306,3022.795329976132,False,1.7718224871991195,45.45348816675871,191092.73401294005,589.9585590006232,0.0,0.0002272754443356,False,226587.609375,1300.39892578125,False,226822.92309570312,1790.765729840149,False,224466.68359375,3582.0325315564774,False,False,2.099621408817206,53.86268520116202,False,False
[GGH2002] EIS J033125.60-280359.5,52.85661880371,-28.066556688660004,2025121000244,-1,z,20251210,z_20,0.1125284849843653,52.85660105553948,-28.066583740273074,746181399964812085,0,3263.8678460415404,1950.569200927332,0.012153397,0.0116665475,52.85660105553948,-28.066583740273074,6.6316125e-07,6.611458e-07,189590.92356334056,1332.095786659364,186417.9029770705,852.3365150587002,False,190293.2583716293,1084.2689707663926,False,192901.81496871152,1493.3162951028685,False,192896.98174073757,2150.7794368242685,False,191318.51888229707,2985.5413026996644,False,-0.4831421789253817,48.35540773884219,192484.90695023912,650.306791792903,0.0,0.000602992430385,False,224533.125,1279.36376953125,False,227611.0446777344,1762.0118401570166,False,225742.86279296875,3522.7360351493617,False,False,-0.5700749684025512,57.056098062327045,False,False
[GGH2002] EIS J033125.60-280359.5,52.85661880371,-28.066556688660004,2025121000245,-1,z,20251210,z_20,0.1129480267265848,52.856600617626704,-28.06658364856156,746181400100602106,0,2828.413446796734,595.951859811372,0.011836812,0.010029184,52.856600617626704,-28.06658364856156,6.374637e-07,5.8080315e-07,192578.9739859776,1336.4566260422057,188153.9661831777,855.4854849069956,False,191353.8142172429,1088.0883322145896,False,192623.73334541908,1498.4920954997203,False,190696.1219253252,2157.3046881146897,False,190395.9731786644,2995.396973874929,False,-0.0477133791041672,47.53636898089808,191961.3838733884,629.2820554390995,0.0,0.0002436004431276,False,225856.8125,1284.281494140625,False,227355.71069335935,1768.6851429142569,False,224726.26318359372,3535.496877650297,False,False,-0.0563165765059531,56.10764969471957,False,False
[GGH2002] EIS J033125.60-280359.5,52.85661880371,-28.066556688660004,2025121000246,-1,z,20251210,z_20,0.1196753671641281,52.85659824746541,-28.066584547037948,746181400235344022,0,792.346441967807,439.124338455398,0.017817302,0.014057825,52.85659824746541,-28.066584547037948,9.571189e-07,8.219865e-07,192541.0727868332,1388.578836136519,183204.41740260375,876.0300560473701,False,191797.9526602498,1119.2623919207024,False,197168.0992401787,1545.0870424296352,False,198007.85036462595,2225.971724864475,False,199277.9080870009,3089.432968593076,False,0.6732667761838006,49.10413483500763,192677.9146818538,710.8551051690322,0.0,0.0013959457307676,False,221699.5625,1293.7572021484375,False,227906.9235839844,1785.9686017496351,False,230345.65502929688,3571.0805460131087,False,False,0.7782301513412808,56.75954857112718,False,False
[GGH2002] EIS J033125.60-280359.5,52.85661880371,-28.066556688660004,2025121400776,-1,i,20251214,i_39,0.1196947326530972,52.85659846613649,-28.06658467811627,746199063557310700,0,1009.7095769561588,3728.554208137897,0.008761615,0.008612014,52.85659846613649,-28.06658467811627,4.8282743e-07,4.8288337e-07,169349.5661473631,667.0821566156119,164881.0393431852,467.4123246772034,False,169619.3207943477,561.962676127428,False,172466.7369537899,735.9873620358754,False,174133.1075632894,1025.6117551049656,False,175622.63839447804,1400.5992188497455,False,1.591696558186313,21.849508667337677,169329.95898522268,432.8005266580577,0.0,1.1404800155156993e-05,False,286908.0625,950.5498657226562,False,291724.4162597656,1244.9095249132472,False,297062.5673828125,2369.0886529748727,False,False,2.692326401606316,36.95805506687129,False,False
[GGH2002] EIS J033125.60-280359.5,52.85661880371,-28.066556688660004,2025121400777,-1,i,20251214,i_39,0.1226888532116586,52.856598429997376,-28.066585641404924,746199063667935670,0,3295.191073898917,3647.8465089806464,0.007961718,0.008890922,52.856598429997376,-28.066585641404924,4.6819852e-07,4.6988035e-07,168671.88958712746,663.7839654705916,164705.97794640044,466.0727260632493,False,168623.70243101395,559.794222043903,False,171253.6474753325,732.9437053138745,False,171324.8686297462,1020.321476145484,False,171121.1285481538,1394.1679474338302,False,0.8550957511463225,21.39969131474199,168467.7404642999,429.4891867546237,0.0,1.4414151502495365e-05,False,287042.0,952.9173583984376,False,291518.85986328125,1247.6634306305575,False,291293.27770996094,2373.24142571844,False,False,1.4555984186206483,36.42791675078531,False,False
[GGH2002] EIS J033125.60-280359.5,52.85661880371,-28.066556688660004,2025121400778,-1,i,20251214,i_39,0.1165753504457998,52.85659888076514,-28.066583883125023,746199063824171087,0,939.6543282672924,104.71056154792198,0.007926966,0.007986228,52.85659888076514,-28.066583883125023,4.420505e-07,4.4252067e-07,169524.67416326905,665.63470569831,166377.94729048226,468.2668260411518,False,170069.74937794165,562.0542063714951,False,173531.9844377008,735.3642317206641,False,173886.99857128243,1024.2164514380725,False,172983.31988951724,1399.0120091269018,False,0.5183087240295321,22.005399294087823,171156.8195047213,431.7159710660764,0.0,3.699117019362319e-06,False,288971.6875,955.0067138671876,False,294854.4968261719,1249.4840719452657,False,293922.2409667969,2377.1121118768547,False,False,0.8806771761387213,37.39017309887701,False,False
[GGH2002] EIS J033125.60-280359.5,52.85661880371,-28.066556688660004,2025121400782,-1,i,20251214,i_39,0.1209997150455018,52.85659823034216,-28.06658497531408,746199064362617490,0,3192.353999823879,3706.776765306329,0.0077321134,0.008689566,52.85659823034216,-28.06658497531408,4.4158037e-07,4.721661e-07,169189.2784650577,659.3380823473611,165580.50990719444,463.6676165168334,False,169829.99159272973,556.4600729213372,False,172631.03282653954,727.1934935524075,False,174498.24209660207,1012.2802979696186,False,174456.48334559743,1383.0050003181548,False,1.2656530465001512,21.07514940109993,167344.88266041045,423.4892522926377,0.0,0.0002114351318445,False,289862.71875,949.755859375,False,294643.4846191406,1241.1605342588678,False,297759.1301269531,2360.487601026451,False,False,2.16019343587166,35.97067894883401,False,False
[GGH2002] EIS J033125.60-280359.5,52.85661880371,-28.066556688660004,2025121400783,-1,i,20251214,i_39,0.1226432368693128,52.85659883216097,-28.06658584396044,746199064493163528,0,1479.363041433019,1638.062211900898,0.007485644,0.008885279,52.85659883216097,-28.06658584396044,4.3256435e-07,4.7949976e-07,168712.7125629676,662.2380924410908,164849.65092759553,465.6899333319479,False,168704.8541157247,558.956455041726,False,171553.24654955897,731.2049709249392,False,171461.29177438398,1018.0177126949668,False,170198.53511352313,1388.9750124373486,False,0.2485826103787321,21.70583908017803,169884.7436482269,430.8261565509495,0.0,0.0001400937533709,False,287498.34375,952.5455322265624,False,292352.4311523437,1246.0828064762402,False,290043.7999267578,2367.021492528902,False,False,0.423622006275608,36.99000137230521,False,False
[GGH2002] EIS J033125.60-280359.5,52.85661880371,-28.066556688660004,2025121400784,-1,i,20251214,i_39,0.1195086301032013,52.85659816740056,-28.066584445533163,746199064628429602,0,1608.4756968457186,1266.1516152833815,0.007716097,0.0098819565,52.85659816740056,-28.066584445533163,4.4862816e-07,5.3325573e-07,169018.19750226632,664.5646238522525,164310.67310043224,465.8188098772001,False,168436.1473783937,559.5811608793566,False,171159.75714393842,732.0423555977562,False,171850.66599076556,1018.9771822929296,False,169554.57950134692,1392.853043480645,False,-0.1793255342381494,21.629741101660823,170467.65896385364,436.3501468541745,0.0,0.0003510538905016,False,285974.25,950.0680541992188,False,290598.4489746094,1242.8761098412274,False,287873.1463623047,2364.813673722685,False,False,-0.3044624681684118,36.72340578620408,False,False
[GGH2002] EIS J033125.60-280359.5,52.85661880371,-28.066556688660004,2025121400785,-1,i,20251214,i_39,0.1160101657965114,52.85659990677652,-28.06658426416616,746199064762648075,0,2279.532286669761,2319.3677469745794,0.007776593,0.009547577,52.85659990677652,-28.06658426416616,4.4412272e-07,5.2075234e-07,168503.93135916998,662.4756236819534,164881.85794788104,465.3792583546656,False,168909.7118787764,558.6697564002441,False,171896.85409588626,731.7138153747487,False,173276.62291784643,1019.4763895770718,False,173080.7714628794,1390.7568548810211,False,0.8205403771529507,21.594929823124325,169319.94402416324,433.92328919378025,0.0,1.0624012033111365e-05,False,286632.46875,948.0383911132812,False,291701.5197753906,1241.6866679037832,False,293710.5762939453,2360.054175165646,False,False,1.3924214978307503,36.64566103888357,False,False
[GGH2002] EIS J033125.60-280359.5,52.85661880371,-28.066556688660004,2025121400786,-1,i,20251214,i_39,0.1173769344334317,52.856599282713454,-28.06658437175579,746199064898439790,0,2814.7106880685974,3736.0646416767463,0.008511466,0.008600879,52.856599282713454,-28.06658437175579,4.7334768e-07,4.7781276e-07,170172.9204750628,660.1112768754067,165132.63638970116,463.8322133763978,False,169531.16026286632,556.4562633327906,False,172019.61339236412,726.712764055111,False,172303.25829477396,1010.8795492027812,False,172728.0798095535,1380.26164816634,False,0.2608319882435688,20.91662432478957,168366.01702850484,428.8876217554673,0.0,0.0005247679005357,False,288084.09375,945.58544921875,False,292312.71911621094,1234.9021131263426,False,293516.615234375,2345.476934348438,False,False,0.4432314793200763,35.543594189840945,False,False
[GGH2002] EIS J033125.60-280359.5,52.85661880371,-28.066556688660004,2025121400787,-1,i,20251214,i_39,0.115802269108209,52.8565992500288,-28.066583836912947,746199065035802737,0,2145.325102600479,3147.09037396945,0.008572595,0.008549317,52.8565992500288,-28.066583836912947,4.7632847e-07,4.752686e-07,169433.0934356396,663.1419981830636,164626.41086541576,465.1220184753541,False,168991.39567329234,558.4555794782775,False,172008.99094438725,730.6514527481277,False,172930.81139039708,1016.2666981443944,False,173200.5817124449,1387.3216267542798,False,1.092627816082375,21.333940314799285,169746.81441154212,434.8522765473798,0.0,7.677016081486521e-05,False,287936.0625,951.5247802734376,False,293077.5935058594,1244.9207933102457,False,295107.88595062494,2363.788552885792,False,False,1.8616743763034924,36.3498434188276,False,False
[GGH2002] EIS J033125.60-280359.5,52.85661880371,-28.066556688660004,2025121400788,-1,i,20251214,i_39,0.1183401412143861,52.856598479799686,-28.066584237936087,746199065166350944,0,969.7082311447612,3746.345668398765,0.007990944,0.007742372,52.856598479799686,-28.066584237936087,4.429639e-07,4.3165048e-07,168954.18567950217,661.9039495567405,165552.5461126797,465.87384354884966,False,169215.809967834,558.7849762967581,False,172169.0784445686,730.5526121444092,False,173265.96861187296,1017.5458815343716,False,171265.25295348823,1389.444046410302,False,0.6015887559225737,21.27498087955825,168195.2500919814,426.0931100226067,0.0,0.0001664334907821,False,287565.03125,949.59814453125,False,292583.81018066406,1241.499743912878,False,291047.8508300781,2361.2186160504502,False,False,1.0223388076410125,36.15466275069848,False,False
[GGH2002] EIS J033125.60-280359.5,52.85661880371,-28.066556688660004,2025121600059,-1,i,20251216,i_39,0.1171075948587462,52.85659931695231,-28.06658430243507,746207763414648566,0,595.8830303166238,3193.9614688998804,0.0075428616,0.011198228,52.85659931695231,-28.06658430243507,4.3979182e-07,6.0810544e-07,168978.84091887678,705.2404462249481,164568.8130214364,487.7393440859805,False,169372.60550258358,591.3516214621181,False,172057.5328238986,778.3447442775766,False,173492.5853330954,1092.91331749372,False,173237.19649100804,1496.134503335296,False,0.5152840888901996,23.373120659096774,168371.8696276963,439.5838820351376,0.0,0.0003180184784478,False,284121.90625,991.9901123046876,False,288625.86169433594,1305.670369819283,False,290604.7430419922,2509.759980562719,False,False,0.864387113614691,39.20832165844277,False,False
[GGH2002] EIS J033125.60-280359.5,52.85661880371,-28.066556688660004,2025121600060,-1,i,20251216,i_39,0.1183735574556907,52.856598796413216,-28.066584428804795,746207763549914215,0,708.2099281017609,1956.608640466851,0.007355513,0.009934387,52.856598796413216,-28.066584428804795,4.1787058e-07,5.4537423e-07,169337.23440926013,708.0379777270803,165654.8790329528,489.4992171267472,False,169558.61427782098,593.1494396306961,False,173037.41962376004,782.8719020549746,False,173131.8818654879,1097.2916578762097,False,173210.28960288412,1504.177449678031,False,0.7047620855853288,23.750555885519415,169341.0235616982,439.3950908408856,0.0,0.0010976336528385,False,284723.0,996.0171508789062,False,290564.6135253906,1314.5993054860385,False,290854.89697265625,2525.8163251025,False,False,1.183437221097643,39.8819579423591,False,False
[GGH2002] EIS J033125.60-280359.5,52.85661880371,-28.066556688660004,2025121600061,-1,i,20251216,i_39,0.1142851500996866,52.85660032530255,-28.066583927149804,746207763682033985,0,3584.193550342266,523.2510702358101,0.0077536297,0.010213058,52.85660032530255,-28.066583927149804,4.3647222e-07,5.634476e-07,170011.04995203394,711.5331513031293,165675.93411912376,490.7428555179751,False,169916.51228092363,595.3104868857033,False,172673.87264772682,786.4036844549416,False,174027.7559919709,1102.720932106125,False,172692.62917548133,1510.1408862408607,False,0.1683109519002969,23.478085313138997,167977.5691119508,429.81073859709153,0.0,5.3365863962762106e-05,False,286393.25,1003.3922119140624,False,291040.76416015625,1325.4786364180247,False,291072.3781738281,2545.3332967037136,False,False,0.2836870877247368,39.57217027554324,False,False
[GGH2002] EIS J033125.60-280359.5,52.85661880371,-28.066556688660004,2025121600086,-1,i,20251216,i_39,0.1151304797592354,52.85659992171107,-28.06658398625544,746207767037479513,0,2103.907042776348,3611.719284696304,0.007050493,0.006921935,52.85659992171107,-28.06658398625544,3.8922806e-07,3.8751483e-07,169272.60177082772,713.189027377945,165796.60537147903,492.21675280499335,False,169356.28212934794,596.7635237309322,False,172364.44089406735,788.4109770698262,False,172941.5100205966,1105.6068937854802,False,172463.03236976932,1515.383154781346,False,2.069296040327004,23.670054370600567,169033.7941819802,438.00687455439606,0.0,4.893237274694595e-05,False,284953.84375,1004.0965576171876,False,290015.2822265625,1326.5568631174408,False,290181.16931152344,2549.738629590028,False,False,3.4817359777506187,39.82652954983176,False,False
[GGH2002] EIS J033125.60-280359.5,52.85661880371,-28.066556688660004,2025121600087,-1,i,20251216,i_39,0.1179805769234066,52.85659993694818,-28.06658491756664,746207767170648288,0,1495.0028903042833,3265.277425932371,0.0072347056,0.0075795823,52.85659993694818,-28.06658491756664,4.104509e-07,4.1325526e-07,170579.13332300502,709.8268728564559,165744.82913688975,490.49882191581247,False,170120.8094099293,594.4609039882506,False,172459.7578566793,783.6903383332952,False,172908.98249118193,1097.8371316785804,False,171052.3217164424,1503.4836346377265,False,0.8055550732137774,23.41850708987716,169195.74267921338,442.3878600114222,0.0,8.801359678511922e-06,False,285777.8125,998.6064453125,False,289706.9001464844,1316.4839230608684,False,287342.6154785156,2525.630260793016,False,False,1.3532134456084606,39.33963018030539,False,False
[GGH2002] EIS J033125.60-280359.5,52.85661880371,-28.066556688660004,2025121600088,-1,i,20251216,i_39,0.118078087189922,52.85659868339859,-28.066584267524284,746207767307486267,0,1163.6742307749123,1696.5590533925752,0.007720332,0.008287241,52.85659868339859,-28.066584267524284,4.4478477e-07,4.455653e-07,169951.89214352058,705.1041688054999,164758.5527110515,487.0135294242894,False,169447.56725527043,590.4429063528397,False,171692.2126068189,779.2571055347803,False,172532.1089543767,1092.542120052634,False,170534.89317934777,1495.3147555247338,False,0.3165299357821477,23.13762920691237,169400.86041701413,444.924883598479,0.0,1.1655236945795622e-05,False,284185.84375,990.2503662109376,False,287950.4090576172,1306.9165973977497,False,286009.43225097656,2507.839400434969,False,False,0.5308623093825213,38.804845564028106,False,False
[GGH2002] EIS J033125.60-280359.5,52.85661880371,-28.066556688660004,2025121600092,-1,i,20251216,i_39,0.1185576791428065,52.856598850580674,-28.06658451970542,746207767865329052,0,2987.887067751718,2191.6563690356734,0.008898848,0.007890128,52.856598850580674,-28.06658451970542,4.8457593e-07,4.496287e-07,168232.96731674502,698.6965172301913,164029.6902800471,483.27475543555335,False,168325.37975641387,584.5715721745618,False,171413.57368363874,770.6479991896008,False,173102.37383367674,1078.072388283545,False,173524.12543872322,1475.157303423871,False,1.5042224450808468,22.976780146542254,168437.4404490281,435.5395010895539,0.0,2.7041447531295223e-05,False,282256.09375,980.2377319335938,False,287434.52587890625,1292.259635607455,False,290973.6005859375,2473.61472603682,False,False,2.5223525536909754,38.528570204330414,False,False
[GGH2002] EIS J033125.60-280359.5,52.85661880371,-28.066556688660004,2025121600093,-1,i,20251216,i_39,0.1206297891553138,52.856598886814616,-28.066585218196224,746207767977527297,0,1931.4466717457176,3112.8886925973165,0.00806369,0.0074215853,52.856598886814616,-28.066585218196224,4.4033766e-07,4.210073e-07,169228.4284495665,694.5884799852123,164785.28044622697,481.5276306240811,False,169341.7013718539,581.8022626450182,False,172274.65735119453,764.8258339581945,False,174174.97199990376,1069.1858876702788,False,173977.73551944247,1464.154646442718,False,2.11683271837236,22.482336901620204,169510.55262219906,444.84570382853485,0.0,7.54727708116576e-05,False,282831.84375,971.7169799804688,False,287730.4206542969,1277.4000675180494,False,290574.875,2445.40804086519,False,False,3.5355006817422328,37.54964516230366,False,False
[GGH2002] EIS J033125.60-280359.5,52.85661880371,-28.066556688660004,2025121600094,-1,i,20251216,i_39,0.117754313442359,52.85660002130617,-28.0665848884563,746207768113316975,0,2470.4623805820984,1651.97091876806,0.0072383457,0.007289672,52.85660002130617,-28.0665848884563,4.0317585e-07,4.0441165e-07,168827.1205246756,690.3711586128386,164897.4122855512,480.3732509350407,False,168754.30699875046,579.8818737346405,False,171000.7892088123,762.1984028853904,False,172064.14248568183,1064.707707183874,False,169948.2357954078,1457.2329298940688,False,1.3714922336224924,23.45809149979651,168831.88236655254,435.6125006742673,0.0,1.2604425002615829e-06,False,283271.15625,973.3903198242188,False,287042.1036376953,1279.4270363650426,False,285275.2863769531,2446.112720428075,False,False,2.302188297979353,39.376776929402205,False,False
[GGH2002] EIS J033125.60-280359.5,52.85661880371,-28.066556688660004,2025121600095,-1,i,20251216,i_39,0.1178365546988619,52.856597650364016,-28.06658357729004,746207768247534046,0,2815.4966471959606,756.614747987721,0.0069824317,0.0077201184,52.856597650364016,-28.06658357729004,4.0190432e-07,4.1627464e-07,168922.4612850502,689.4004373122057,165463.96295989314,480.6229873930673,False,168919.63588494534,579.775952078527,False,171445.28457726672,763.0648090084277,False,172358.16786506027,1067.918120627833,False,170618.58035925752,1459.1727681035352,False,1.2105192434998386,22.86889638699575,170331.50193911296,436.3685919438008,0.0,1.8620032949945296e-06,False,283471.875,972.9489135742188,False,287710.283203125,1280.5344448141443,False,286322.95251464844,2448.7054945168384,False,False,2.0314284830225784,38.3773556226341,False,False
[GGH2002] EIS J033125.60-280359.5,52.85661880371,-28.066556688660004,2025122000261,-1,r,20251220,r_57,0.0977491070903634,52.856599455468725,-28.06657780205233,746225382714245574,0,1472.4566580668106,1784.7310163273808,0.024341967,0.024537457,52.856599455468725,-28.06657780205233,1.36122e-06,1.3573097e-06,126223.9054648749,669.967934961285,112077.67936681464,430.5745544102624,False,125781.3195822122,538.9355548564029,False,133130.0088761945,724.7433436113965,False,136362.9189544188,1024.9693025733966,False,135065.6010841035,1408.985082909246,False,0.0120822957511161,22.03193168655645,125832.95820170082,452.04651364780966,0.0,6.494608375673394e-05,False,227413.828125,974.400634765625,False,240700.32861328125,1310.342892936926,False,244199.89782714844,2547.458498127617,False,False,0.0218449062104475,39.83394308845245,False,False
[GGH2002] EIS J033125.60-280359.5,52.85661880371,-28.066556688660004,2025122000262,-1,r,20251220,r_57,0.120421436800665,52.85660007978707,-28.06658577391602,746225382845317470,0,2171.6025438873667,1449.708146271963,0.025931826,0.028246613,52.85660007978707,-28.06658577391602,1.5221452e-06,1.4934699e-06,124881.2992853747,679.5896862169365,109259.69910059264,432.3393258284973,False,124733.71282098837,543.2367529198532,False,132802.38433150417,730.8558798705658,False,135910.1208707271,1035.0581685474626,False,135937.17652029582,1423.8700226660208,False,0.0084050219367562,22.17327252826982,124253.12039763769,463.4438271282026,0.0,0.0055675978723889,False,223171.828125,971.95166015625,False,237608.18322753903,1307.6371986192846,False,243216.90991210935,2547.568486370685,False,False,0.0150381486178369,39.67211152248459,False,False
[GGH2002] EIS J033125.60-280359.5,52.85661880371,-28.066556688660004,2025122000265,-1,u,20251220,u_24,0.1218126088714755,52.85659598119357,-28.06658387996932,746225383247446235,0,2435.089352898804,3081.152431698132,0.58703816,0.5028343,52.85659598119357,-28.06658387996932,3.1422096e-05,2.9371371e-05,6789.425953131056,1055.7545943863067,5747.25225864739,619.7370297026482,False,6670.16954996869,821.8816651767492,False,7559.261281805196,1164.1844307443444,False,6129.537199594097,1705.0796595721088,False,6200.83773321761,2382.586942047794,False,0.125690866510114,37.44408916609244,6898.836564065485,611.915480147889,0.0,0.0939555451548179,False,1891.7979736328125,233.1026306152344,False,2143.9627685546875,330.18677119344864,False,1758.6857681274414,675.7509108582066,False,False,0.0356485280901296,10.61991775145694,False,False
[GGH2002] EIS J033125.60-280359.5,52.85661880371,-28.066556688660004,2025122000266,-1,u,20251220,u_24,0.3854138249081684,52.85649857758182,-28.066571079929084,746225383382712569,0,1488.0,3671.0,,,52.85649857758182,-28.066571079929084,,,6835.792578755317,1213.7948831981746,6320.877798954183,693.350358480865,True,7499.533620552535,918.1494411760264,True,7912.5476982008495,1293.6428011450182,True,10183.68483864985,1901.820665863572,True,12089.38318506294,2661.910055425871,True,0.7169526164554897,42.778518022629605,7121.2714782505445,736.5353572213344,,,True,1966.1029052734373,240.70513916015625,True,2074.3800621032715,339.145738709269,True,3169.3932723999023,697.8552745208965,True,True,0.1879587042977583,11.21495986591597,True,False
[GGH2002] EIS J033125.60-280359.5,52.85661880371,-28.066556688660004,2025122000269,-1,z,20251220,z_20,0.1303985414567919,52.85659800768502,-28.066587918153097,746225383791657463,0,34.00981777261145,2218.133410645238,0.029764224,0.0264504,52.85659800768502,-28.066587918153097,1.6011518e-06,1.5279135e-06,191400.53651555692,1866.410662962811,180414.07858835856,1140.8094245109887,False,192870.5373695761,1484.0075893306384,False,201450.77445098016,2070.66071978594,False,206224.56939378305,3016.362455747594,False,,,True,0.1727358949125177,65.6330735557349,189609.65484441127,969.3571014255508,0.0,0.0008079655890287,False,208511.765625,1604.356201171875,False,217787.83447265625,2238.585159668902,True,,,False,False,0.1867442634123391,70.95572106110866,False,False
[GGH2002] EIS J033125.60-280359.5,52.85661880371,-28.066556688660004,2025122300330,-1,g,20251223,g_6,0.1111016700663894,52.856598297110814,-28.066581688776157,746238586113229004,0,1557.4043099736425,756.858281696868,0.03157679,0.02176366,52.856598297110814,-28.066581688776157,1.6384732e-06,1.3659193e-06,55281.79410051104,405.8065713885524,51187.70497219252,269.4421597502346,False,55042.00403638522,334.0906012665364,False,56172.85008342238,446.71460593026666,False,56496.92711279396,631.6488326004834,False,56323.76278012124,868.6252616941364,False,-0.4159181865080755,13.35288628074886,54903.81762318336,266.0601841414696,0.0,0.0001214060458317,False,108078.1796875,656.00634765625,False,110298.66174316406,877.1501382261957,False,110594.98760986328,1705.5962761170922,False,False,-0.8166795756020051,26.2191696698314,False,False
[GGH2002] EIS J033125.60-280359.5,52.85661880371,-28.066556688660004,2025122300331,-1,g,20251223,g_6,0.1275375603941871,52.8565961371548,-28.066585929715178,746238586246923066,0,3181.9306387984,2904.01045946971,0.03003493,0.022184903,52.8565961371548,-28.066585929715178,1.5925372e-06,1.3338647e-06,56205.79319977247,415.9449901655983,51445.88060827839,275.13882297049537,False,56340.93725539016,342.02489504450017,False,58113.22856225164,455.3292457298817,False,59208.93799212969,644.8569067677963,False,57760.58880987415,887.8852054123232,False,-0.3522038811682566,13.935464162649726,56315.23796642521,280.4586352210764,0.0,0.0003303221846527,False,109663.6640625,665.7273559570312,False,113113.30419921876,886.2662900904465,False,112426.91577148438,1728.205983706555,False,False,-0.6855400351411299,27.124398970512736,False,False
[GGH2002] EIS J033125.60-280359.5,52.85661880371,-28.066556688660004,2025122300332,-1,g,20251223,g_6,0.1247938611955639,52.85658986099775,-28.06658012824673,746238586381664642,0,1265.5691944152668,1676.1350798149772,0.036093935,0.024974125,52.85658986099775,-28.06658012824673,1.9209035e-06,1.5072111e-06,55824.58290022985,428.1970468301026,49160.6830324979,277.01089652717377,False,55429.32560709831,347.07626583441527,False,57631.0609922444,465.4780804038216,False,58575.17016286212,658.9815491410358,False,58803.86890448057,906.8168200071864,False,0.1278376248223854,13.922174193022338,55318.63060274706,290.7350648127946,0.0,0.0001057149485552,False,104974.0546875,657.3055419921875,False,109143.78051757812,881.5391660093703,False,111364.88641357422,1717.362378350655,False,False,0.2421035015714978,26.366315287084635,False,False
[GGH2002] EIS J033125.60-280359.5,52.85661880371,-28.066556688660004,2025122300333,-1,g,20251223,g_6,0.1198159165297272,52.856595244265016,-28.06658267955853,746238586515357917,0,376.2604936123571,940.9505750224632,0.031456426,0.023778798,52.856595244265016,-28.06658267955853,1.7021935e-06,1.3833951e-06,55247.90040342428,434.754173439864,48634.27831915458,279.7605500408155,False,55005.08703114665,350.8161026356013,False,57810.994230102806,471.0721720452713,False,59003.11601848157,667.044032796642,False,58775.903737286455,917.1830235984504,False,-0.0359677834246927,14.450446141242615,55266.98755228127,295.10577550622065,0.0,0.0017802063571218,False,104364.6640625,665.6257934570312,False,109688.49096679688,893.7953130927366,False,111519.275390625,1740.2299188705574,False,False,-0.0682439722723325,27.41775422026083,False,False
[GGH2002] EIS J033125.60-280359.5,52.85661880371,-28.066556688660004,2025122300334,-1,g,20251223,g_6,0.1036723687441093,52.856600676882216,-28.066580635964108,746238586650100137,0,715.5289549266178,1872.3593486755549,0.039670594,0.027264664,52.856600676882216,-28.066580635964108,2.1518201e-06,1.5934833e-06,55392.67029595796,433.6281580224651,49794.58063097177,280.74405766920296,False,55265.18914582624,351.1402001067225,False,58355.53314403111,472.8885671578437,False,58946.355409586205,669.1079699354826,False,58878.30447920816,919.9833817927064,False,0.068412766209022,14.219529631542784,55270.017640152175,290.82045105108807,0.0,0.0001182594965317,False,104125.7578125,661.587158203125,False,109948.30932617188,890.97461127384,False,110933.26861572266,1733.3509264087384,False,False,0.1288972540520437,26.791174001319984,False,False
[GGH2002] EIS J033125.60-280359.5,52.85661880371,-28.066556688660004,2025122300335,-1,g,20251223,g_6,0.1219927166664486,52.8565980382198,-28.066585194256096,746238586782220578,0,3044.589674927044,1089.509993541975,0.03547029,0.026875729,52.8565980382198,-28.066585194256096,1.944727e-06,1.5315866e-06,55546.49678588927,433.7576887621119,50753.590581627104,282.606613234362,False,55687.95852637919,352.75838881665214,False,58303.40383601774,474.26620144272994,False,59579.63734122165,673.1769922533434,False,59139.26353459316,924.4599529559058,False,-0.117011288512897,14.473793454095723,56153.07662024237,287.5826025896649,0.0,0.0058622375818162,False,105030.3203125,665.3202514648438,False,109963.18310546876,894.490162129514,False,111539.65698242188,1743.578460126946,False,False,-0.2206892376359303,27.298310134686165,False,False
[GGH2002] EIS J033125.60-280359.5,52.85661880371,-28.066556688660004,2025122300336,-1,g,20251223,g_6,0.1130819305300919,52.85659828730827,-28.06658235863227,746238586918535948,0,1932.1471193996013,2651.479414895153,0.031831577,0.023734579,52.85659828730827,-28.06658235863227,1.753789e-06,1.3418747e-06,55393.65561057548,427.9977411611538,50692.75536395306,279.55119122688296,False,55008.12099052992,348.3272087629987,False,56812.840385911055,467.75704460255525,False,57477.02070462581,662.1035789728735,False,56573.62778836704,911.9944870592892,False,-0.354136652057614,14.057111276260043,55267.63325796199,277.1139249789812,0.0,0.002655292623928,False,104457.9765625,661.4578857421875,False,107885.05847167967,888.2498351552453,False,107430.80438232422,1731.8369913193196,False,False,-0.6724897603196626,26.693829452651528,False,False
[GGH2002] EIS J033125.60-280359.5,52.85661880371,-28.066556688660004,2025122400056,-1,g,20251224,g_6,0.1106285475377067,52.85659779005498,-28.066581194141506,746242947384609800,0,3344.001463503603,3773.049272328537,0.010164899,0.01013291,52.85659779005498,-28.066581194141506,5.64674e-07,5.639093e-07,56012.5320615993,321.2366784307684,54601.738297584816,227.9661649428576,False,55769.69421254224,272.9830454521867,False,56129.07685189646,354.4393481347556,False,56337.02620319992,494.04257519111866,False,56445.23184080436,675.8199545421525,False,0.2728602306203104,10.370154255015382,55554.775804347366,206.68465102768204,0.0,0.0004106971788823,False,127523.75,624.206787109375,False,128345.51928710938,810.4658894029669,False,129068.4436340332,1545.339205189022,False,False,0.6239259570252653,23.712537379855487,False,False
[GGH2002] EIS J033125.60-280359.5,52.85661880371,-28.066556688660004,2025122400057,-1,g,20251224,g_6,0.1126414622973307,52.85659795229688,-28.06658199646603,746242947516205772,0,3511.7245363775755,3491.8700343824453,0.010545033,0.011018718,52.85659795229688,-28.06658199646603,5.9487974e-07,6.044014e-07,55214.96329868187,322.10470370011546,54274.70387722984,227.35587724368557,False,55053.63739639189,272.05672456057675,False,55530.6519949958,355.22974179038613,False,55747.76637584224,494.35063074871977,False,55452.1910016793,674.8997184858927,False,0.2791794372346014,10.333632906833706,55511.53702138425,206.5898821108448,0.0,0.0029496802057802,False,126980.0546875,627.4931030273438,False,128080.27880859376,819.3299148318575,False,127899.31018066406,1556.641980708318,False,False,0.6439214897360896,23.834306572380815,False,False
[GGH2002] EIS J033125.60-280359.5,52.85661880371,-28.066556688660004,2025122400058,-1,g,20251224,g_6,0.1048458153327766,52.85660086475704,-28.066581135117527,746242947674538272,0,1436.0970047997298,401.3393779141792,0.010816438,0.009952051,52.85660086475704,-28.066581135117527,5.837763e-07,5.7192284e-07,55875.05326597647,321.019273151871,54545.80165186302,226.8115299341468,False,55548.56737641911,271.4619402807231,False,56036.051981775294,354.4138024268866,False,55568.04893571496,492.3858303520401,False,55817.43192066958,672.3413640239561,False,0.1497235952205021,10.396644243530298,56324.27998956516,208.04799280846265,0.0,0.0048248460852156,False,126860.1328125,619.95654296875,False,127973.43536376952,809.3994889514347,False,127474.1575012207,1535.4728081002552,False,False,0.3419342041015625,23.743540685775837,False,False
[GGH2002] EIS J033125.60-280359.5,52.85661880371,-28.066556688660004,2025123000109,-1,y,20251230,y_10,0.1181969640159605,52.856600211379295,-28.066585128400025,746269342777213155,0,1689.2764254159065,1155.505126647848,0.036452614,0.03548753,52.856600211379295,-28.066585128400025,2.0233456e-06,1.9750353e-06,203755.23417602057,3318.161482173125,198260.8567220044,2013.9794418082645,False,204314.80171697176,2626.3432748321143,False,211626.76814528412,3688.478584170516,False,216623.38154470915,5373.726105662527,False,213073.0539028619,7484.410741941619,False,-2.780148923423252,116.2208605722309,206935.36621801375,1627.3862285529435,0.0,0.0018798959852313,False,86342.6875,1109.883056640625,False,89432.69775390625,1558.7375514019,False,90043.89282226562,3162.884589772864,False,False,-1.1748807608717438,49.11451035872573,False,False
[GGH2002] EIS J033125.60-280359.5,52.85661880371,-28.066556688660004,2025123000110,-1,y,20251230,y_10,0.1278496599831443,52.856595852316914,-28.06658586180089,746269342911430885,0,1689.5222308237148,1155.7070455600349,0.03981575,0.031177765,52.856595852316914,-28.06658586180089,2.1907697e-06,1.7604206e-06,210863.6334000506,3328.830078520532,199574.24040139304,2020.568737834593,False,210645.5130768061,2637.051610207843,False,221259.5137835186,3707.1570377647936,False,223417.58339244933,5391.1229979887385,False,227683.564908976,7511.914964852675,False,2.847667241004628,116.90275461367123,206204.9151017078,1624.5481491731805,0.0,0.0018403121829909,False,88968.0859375,1113.783203125,False,93451.00756835938,1565.7521544235638,False,96164.26513671876,3172.7269495862483,False,False,1.20273866800441,49.374962546708886,False,False
[GGH2002] EIS J033125.60-280359.5,52.85661880371,-28.066556688660004,2025123000111,-1,y,20251230,y_10,0.1240635348174562,52.85660145374743,-28.066587563422885,746269343045648632,0,1686.1189798124262,1160.1631482903326,0.033244066,0.029651655,52.85660145374743,-28.066587563422885,1.8381385e-06,1.6587326e-06,211233.28974323955,3351.670328895024,202272.54970609627,2041.2779840408796,False,213837.64017476767,2663.7614688534222,False,220519.4841331983,3731.2335535226,False,224948.9505032995,5437.034349740273,False,222699.2887575832,7575.9976711100435,False,-3.0715592901609226,121.98080682617358,211785.5849964601,1589.0475103845145,0.0,0.0020575967833481,False,90193.9921875,1123.5406494140625,False,93012.30883789062,1573.786774400934,False,93931.72265625,3195.459294267157,False,False,-1.295544574817595,51.44995020012874,False,False
[GGH2002] EIS J033125.60-280359.5,52.85661880371,-28.066556688660004,2025123000112,-1,y,20251230,y_10,0.1095837834773495,52.85660014395503,-28.066582291016477,746269343179866355,0,1688.0305936412087,1167.3337133537743,0.038824636,0.0317702,52.85660014395503,-28.066582291016477,2.1397943e-06,1.7877693e-06,206896.408941346,3364.588399125633,197070.25641127068,2042.6582502119204,False,204590.1063266332,2665.563441986917,False,208043.65208516517,3740.647084909233,False,212599.09259581155,5448.33179011939,False,200744.7176915187,7587.39604702485,False,-4.471957918624507,120.6157976796381,206368.85825654503,1613.1271825219867,0.0,0.0021387970977925,False,86311.8984375,1124.5404052734375,False,87768.87060546875,1578.093667773741,False,84689.61669921875,3200.949296982923,False,False,-1.8866170247395084,50.885053369405,False,False
[GGH2002] EIS J033125.60-280359.5,52.85661880371,-28.066556688660004,2025123000113,-1,y,20251230,y_10,0.1128664982788345,52.85660142119208,-28.06658403222197,746269343314084084,0,1691.3140895738188,1165.80678924225,0.033421014,0.029688159,52.85660142119208,-28.06658403222197,1.8475881e-06,1.6612477e-06,207088.47534450743,3347.821992825908,198347.59877493192,2033.630900396426,False,207814.02479109893,2653.7559351476707,False,214884.01226365336,3723.974576492468,False,215148.9377564819,5421.274672986984,False,220179.0136252838,7557.3198130705405,False,0.029220850985589,116.8676413724918,207920.884399642,1549.9180469919845,0.0,0.0002987063668921,False,87719.5625,1120.16650390625,False,90703.84716796876,1571.9122948483202,False,92938.8994140625,3189.9906098326232,False,False,0.0123342987409546,49.33054148730858,False,False
[GGH2002] EIS J033125.60-280359.5,52.85661880371,-28.066556688660004,2025123000168,-1,y,20251230,y_10,0.1165183250576048,52.85659356947524,-28.066580178313615,746269350693961890,0,2181.497457911779,983.07496772947,0.055075582,0.05916281,52.85659356947524,-28.066580178313615,3.1036013e-06,3.24763e-06,207866.0457947701,4614.948021348445,190245.37484187505,2706.167579949869,False,204155.525251436,3567.745784069515,False,212435.8735133872,5053.369173439465,False,220841.9071591193,7362.854446065142,False,219502.07107581748,10289.326445183358,False,-1.1846318439585406,161.96110943839383,204498.25624090896,2270.249058927948,0.0,5.089099889055149e-06,False,79368.890625,1387.0211181640625,False,82588.01513671875,1964.5821719519809,False,85335.1181640625,4000.1485349313807,False,False,-0.4605455333047674,62.96510253488288,False,False
[GGH2002] EIS J033125.60-280359.5,52.85661880371,-28.066556688660004,2025123000169,-1,y,20251230,y_10,0.1159128912994953,52.85660057609916,-28.06658458158878,746269350827131611,0,2932.102078623111,3986.132117102056,0.050045602,0.046895754,52.85660057609916,-28.06658458158878,2.7572103e-06,2.6313373e-06,,,195227.28892553292,2637.115823466415,False,205787.3245048642,3469.760427692533,False,207618.14980573973,4884.557470248791,False,,,True,,,True,1.4368382435083085,158.0881620421297,207330.33805060177,2073.4881738408426,0.0,0.0004787448634588,False,81290.1953125,1370.626220703125,False,82013.40869140625,1929.4999423653503,True,,,False,False,0.567580446114887,62.44805213304143,False,False
[GGH2002] EIS J033125.60-280359.5,52.85661880371,-28.066556688660004,2025123100238,-1,i,20251231,i_39,0.1111862677047189,52.85660070046863,-28.0665831217579,746273758136238732,0,2895.741217100445,1606.6221742008129,0.009702337,0.010338655,52.85660070046863,-28.0665831217579,5.7385296e-07,5.4027277e-07,169410.56326946296,1197.4189378861288,166506.07791475995,756.7720339192138,False,169260.3328856089,972.5119674782844,False,170074.27779112093,1350.136286009005,False,170057.43129938212,1955.04510270838,False,170362.02124195104,2718.503634341861,False,0.2029487453913715,43.22266929678522,168991.2672199682,510.0855389448472,0.0,0.0003054507313915,False,286159.21875,1644.1729736328125,False,287535.31103515625,2282.601825387362,False,288021.783203125,4596.025914105033,False,False,0.3431143814820261,73.07421099435454,False,False
[GGH2002] EIS J033125.60-280359.5,52.85661880371,-28.066556688660004,2025123100249,-1,i,20251231,i_39,0.1195999971890863,52.85659915516053,-28.06658502790616,746273759612109069,0,2794.056377374456,682.0710521633783,0.014108697,0.012631226,52.85659915516053,-28.06658502790616,7.405144e-07,7.481442e-07,168407.74593047603,1236.4311158733271,164458.44636383452,779.0282056495623,False,168111.16262226872,1003.4705224448952,False,170087.6048603136,1389.148245193226,False,171965.56999782973,2019.582171360892,False,170903.58092369747,2812.298333960648,False,-0.0399909161595402,44.10610180700653,168054.15248137023,562.5933125526815,0.0,0.0001279491632799,False,281092.03125,1677.8634033203125,False,284396.76220703125,2322.739881503933,False,285761.12353515625,4702.332901891873,False,False,-0.066867230465186,73.74806975374808,False,False
[GGH2002] EIS J033125.60-280359.5,52.85661880371,-28.066556688660004,2025123100250,-1,i,20251231,i_39,0.1116137318017581,52.85659994797457,-28.06658284974723,746273759747899421,0,409.20453245119006,94.58931535977425,0.01379005,0.013186862,52.85659994797457,-28.06658284974723,7.504689e-07,7.496882e-07,168612.97625090665,1250.7329981448252,164622.4967625678,784.4627340196362,False,169223.42176893132,1011.2669835165174,False,171799.0931380022,1406.7662299741223,False,174205.0605347517,2037.579563698309,False,173206.4796414055,2837.380879081691,False,0.3373186475083756,44.596792880065664,168868.89252132815,573.8164204189433,0.0,1.7535580857264144e-05,False,282460.09375,1687.961181640625,False,286759.2880859375,2348.1106636964205,False,289108.43408203125,4736.02803165285,False,False,0.5630370536351593,74.4389527535567,False,False
[GGH2002] EIS J033125.60-280359.5,52.85661880371,-28.066556688660004,2025123100252,-1,i,20251231,i_39,0.1179660812653705,52.85660003778561,-28.0665849651875,746273760020005857,0,2091.5275440511546,2643.640242712469,0.011704,0.01131284,52.85660003778561,-28.0665849651875,6.423055e-07,6.3728237e-07,167637.41133012215,1244.6646746715803,164560.55116075426,782.6053902650827,False,167585.93216844767,1008.698785340284,False,170692.43619156748,1406.398538866221,False,170397.49286424892,2037.814681540347,False,171892.17092483325,2833.5315301958453,False,1.0085281991522017,45.2058152513141,166985.94479469903,535.5499639422255,0.0,0.0007293847272091,False,281429.28125,1693.9212646484375,False,286646.07470703125,2361.783741766188,False,288660.80517578125,4758.387124885221,False,False,1.6936347969975911,75.91472583575784,False,False
[GGH2002] EIS J033125.60-280359.5,52.85661880371,-28.066556688660004,2025123100253,-1,i,20251231,i_39,0.1187297238777104,52.856597869580135,-28.06658401055257,746273760151601836,0,835.0871356937691,1869.8705617412584,0.011691049,0.010382199,52.856597869580135,-28.06658401055257,6.265952e-07,6.02445e-07,172048.34772577594,1250.5134504624086,167554.227543305,789.1553588839251,False,170943.58155290093,1016.6310741188512,False,172352.5281596616,1411.0819755719372,False,168578.15745157568,2047.3163729380767,False,166531.84680039797,2848.0012123287106,False,-0.5126775344277574,43.33889447558837,171832.5737210643,538.3419985350644,0.0,0.0005129843807329,False,285562.34375,1698.2886962890625,False,287915.998046875,2357.221444099692,False,278192.5126953125,4757.604197872421,False,False,-0.8564310925815938,72.3978997605887,False,False
[GGH2002] EIS J033125.60-280359.5,52.85661880371,-28.066556688660004,2026010100044,-1,i,20260101,i_39,0.1174929449693151,52.8565995290057,-28.06658454357177,746278130145559078,0,3445.1876826180646,1244.6562825765598,0.008031157,0.009232793,52.8565995290057,-28.06658454357177,4.7605016e-07,4.858202e-07,169021.55272187226,1031.8431033649847,166865.35046594203,663.4829065719861,False,168568.4518966995,842.7125798234146,False,168704.9987968352,1159.1212686577514,False,171511.95456139185,1670.8609868096478,False,170249.20830145723,2318.1718174247853,False,1.135130974917716,36.55011800700024,169183.04537984033,467.0623660486932,0.0,7.265269796374874e-05,False,292397.625,1461.76318359375,False,292634.4782714844,2010.6034209189384,False,295313.0529785156,4021.084171623768,False,False,1.9689900298382783,63.3995719748664,False,False
[GGH2002] EIS J033125.60-280359.5,52.85661880371,-28.066556688660004,2026010100045,-1,i,20260101,i_39,0.1223323470185841,52.85659940848026,-28.066586045438637,746278130280825127,0,128.94500246139526,708.3382317963598,0.0085449,0.00950892,52.85659940848026,-28.066586045438637,5.024335e-07,5.025051e-07,169138.13769808912,1036.9549322132557,166374.3008625153,665.5961792872272,False,169515.1716047175,845.9937495266812,False,172788.85635234255,1165.4012822937818,False,174271.8135605682,1677.750743119402,False,175844.462141915,2326.556205184565,False,0.9220901447013848,37.07807653513242,168382.03718190893,481.0135962946183,0.0,0.0003762866065852,False,293046.03125,1462.4951171875,False,298705.349609375,2014.664630645659,False,303987.668243289,4021.9884506810954,False,False,1.594045269231578,64.09799826260462,False,False
[GGH2002] EIS J033125.60-280359.5,52.85661880371,-28.066556688660004,2026010100046,-1,i,20260101,i_39,0.1216068919918131,52.85659788526426,-28.066584979162798,746278130411898524,0,2019.7746006030447,3677.030192988145,0.009891362,0.008968312,52.85659788526426,-28.066584979162798,5.3823504e-07,5.1100324e-07,170308.99243342396,1035.7607643214217,166305.95756955977,665.8385382871121,False,169093.62934253347,846.2751263725099,False,169749.7063846454,1162.751423659687,False,170040.6639162609,1678.121341980421,False,167808.69294382478,2326.8042506446272,False,-0.3842869726436489,35.831351525783006,169634.3271907044,489.0246580690026,0.0,0.0003219079293345,False,292970.78125,1466.2520751953125,False,294107.4970703125,2014.577333951878,False,290744.5068359375,4031.409472832856,False,False,-0.6658136976381512,62.081221454459,False,False
[GGH2002] EIS J033125.60-280359.5,52.85661880371,-28.066556688660004,2026010100047,-1,i,20260101,i_39,0.1220021760330614,52.856599189829865,-28.066585825484,746278130569707649,0,726.4336821404419,314.37608837256545,0.009246493,0.008668004,52.856599189829865,-28.066585825484,5.0470334e-07,4.914763e-07,168845.08598011517,1037.6321331334166,166145.10988614126,665.9971590716259,False,168905.02244877035,846.7991340958572,False,170944.00477595293,1167.7708711402745,False,171781.8756026679,1683.6790956159575,False,169755.61912275603,2333.9079396784505,False,0.5634737410374281,36.981381383939215,168066.48984821053,479.9360274795079,0.0,1.0661940542999735e-05,False,292735.90625,1467.6207275390625,False,296269.7463378906,2023.9094095575776,False,294210.1086425781,4044.987211869705,False,False,0.9765783979614882,64.09387972514455,False,False
[GGH2002] EIS J033125.60-280359.5,52.85661880371,-28.066556688660004,2026010100363,-1,i,20260101,i_39,0.1080021440103811,52.85660395943869,-28.066583678699065,746278172991946771,0,2875.5206132059875,84.02829589379789,0.01417923,0.010721338,52.85660395943869,-28.066583678699065,7.676448e-07,6.194966e-07,167941.23440744705,1471.1431387567495,163368.58160416948,908.667797196674,False,167709.16350644676,1181.4396964828827,False,171436.94638057533,1654.299820817501,False,173104.13086162452,2403.092548006775,False,170931.748519341,3350.062787680132,False,0.1757839000123189,52.34259605948702,167660.30441422135,599.3143728645837,0.0,7.184057915843312e-05,False,275223.25,1938.8306884765625,False,281340.81982421875,2714.829432336346,False,280511.75244140625,5497.702980874646,False,False,0.2884744950576641,85.89810538513268,False,False
[GGH2002] EIS J033125.60-280359.5,52.85661880371,-28.066556688660004,2026010200115,-1,g,20260102,g_6,0.1167949700811742,52.8566031516776,-28.06658604504217,746282537721004634,0,3413.3799362020577,3920.236607719331,0.027994566,0.022196569,52.8566031516776,-28.06658604504217,1.487932e-06,1.3164413e-06,54662.14057200999,1172.9857891290403,53241.55940662397,704.9632983337115,False,54599.4582028442,932.7684238535318,False,54250.48714542952,1322.4239522366888,False,54690.25393096024,1936.7809589214976,False,55895.18568505612,2707.781059442545,False,0.2641446080767176,42.978180003351376,54530.95608809236,479.2231843179393,0.0,0.0010543272155821,False,127252.9453125,2173.968994140625,False,126439.611328125,3082.124775830638,False,130272.849609375,6310.9255369408775,False,False,0.6156321046502127,100.16766044232206,False,False
[GGH2002] EIS J033125.60-280359.5,52.85661880371,-28.066556688660004,2026010200116,-1,g,20260102,g_6,0.133904572072185,52.85659875725319,-28.06658940898417,746282537855222383,0,3414.28568431532,3919.316629839341,0.027342072,0.02885022,52.85659875725319,-28.06658940898417,1.5403172e-06,1.5849914e-06,57428.34048460062,1174.2377536547397,54909.97252921732,706.338208380545,False,56804.0864668841,934.4499047196364,False,56827.84438996229,1325.4843864962436,False,58094.84222804761,1941.3932451354171,False,54371.75181137696,2712.3700899792184,False,-0.4204030427782529,43.31332458446008,56400.134000819766,472.36444635842895,0.0,0.0014061881018313,False,132319.65625,2176.711181640625,False,132374.998046875,3087.588398911641,False,126653.7666015625,6318.205260427254,False,False,-0.9792884555814922,100.89422392879489,False,False
[GGH2002] EIS J033125.60-280359.5,52.85661880371,-28.066556688660004,2026010200117,-1,g,20260102,g_6,0.1234820379503395,52.85659690655197,-28.066585029193515,746282537991537235,0,2806.0907382449764,3892.3588640951066,0.029864686,0.028469324,52.85659690655197,-28.066585029193515,1.6465259e-06,1.5975637e-06,56373.05283202133,1181.245378756039,54262.29895986569,710.055165110374,False,55446.520474506986,939.5450276434742,False,55024.633352391465,1333.7275204150292,False,55631.73567291807,1952.0009588639696,False,57321.93474644335,2729.233866128172,False,1.0786403221644638,43.514463399682846,55182.16357462014,449.21077415875845,0.0,0.0005551979235939,False,127656.5546875,2163.14892578125,False,126685.228515625,3070.6897149004344,False,131974.3896484375,6283.615081789602,False,False,2.483393116396541,100.1849427004684,False,False
[GGH2002] EIS J033125.60-280359.5,52.85661880371,-28.066556688660004,2026010200118,-1,i,20260102,i_39,0.116746917805932,52.85659841598152,-28.066583670866045,746282538125755070,0,2910.45537518588,1511.592232162594,0.009876563,0.0076609747,52.85659841598152,-28.066583670866045,5.2695435e-07,4.5262752e-07,170411.9431740444,1080.4301289964778,166696.6529004122,690.8121787094577,False,170001.7213274191,881.7528655308103,False,170760.8425363105,1217.737914046102,False,171479.76751543768,1760.0147967998744,False,173187.5997266422,2441.2426852954104,False,0.7391291530158856,37.981600834292514,168928.45777497944,486.9559293597009,0.0,1.6568614288337002e-06,False,294547.28125,1527.7369384765625,False,295862.544921875,2109.8691769509446,False,300067.1772460937,4229.730088675503,False,False,1.2806251655190195,65.80743521835865,False,False
[GGH2002] EIS J033125.60-280359.5,52.85661880371,-28.066556688660004,2026010200119,-1,i,20260102,i_39,0.1186682756949558,52.85659839845684,-28.06658429995848,746282538259972806,0,2910.43668159087,1511.4926036841136,0.009514947,0.008081894,52.85659839845684,-28.06658429995848,5.141111e-07,4.658731e-07,170070.59324374876,1082.7831889372446,166180.18517248923,692.0953878756416,False,169143.76857446815,883.4832800454581,False,170130.56034666122,1220.4949686521722,False,169853.7438101739,1765.3642205996955,False,171241.13984904514,2448.003080166121,False,-0.130982165719222,37.67131355567094,170250.4756014814,491.3657588281861,0.0,0.0002015304843163,False,292634.8125,1528.5101318359375,False,294342.0561523437,2111.57241746968,False,296263.46435546875,4235.278239342539,False,False,-0.2266116087463968,65.17495661768359,False,False
[GGH2002] EIS J033125.60-280359.5,52.85661880371,-28.066556688660004,2026010200120,-1,i,20260102,i_39,0.1161848005129888,52.85660011258437,-28.06658442961854,746282538394190545,0,2907.73239290122,1509.6396016110234,0.009522482,0.008203434,52.85660011258437,-28.06658442961854,5.156044e-07,4.7122887e-07,172131.4773271071,1093.8669280581053,167246.4923058309,697.0486149460944,False,171297.41342532175,890.4227871105495,False,173354.40211928802,1230.1041946542664,False,173859.75691420658,1775.3270185735264,False,175302.2204199028,2466.1719466294817,False,0.7503076271854071,39.29020454128773,169985.5937845929,487.81225742872056,0.0,0.0001329517114491,False,295956.03125,1538.4119873046875,False,299509.95654296875,2125.290441893141,False,302875.2646484375,4260.884312901453,False,False,1.2963305348168923,67.8829456354262,False,False
[GGH2002] EIS J033125.60-280359.5,52.85661880371,-28.066556688660004,2026010200121,-1,i,20260102,i_39,0.1174648623291636,52.85659937225236,-28.06658444947365,746282538528408299,0,2904.070419892669,1507.8704718708743,0.008336748,0.007775194,52.85659937225236,-28.06658444947365,4.5736724e-07,4.3841266e-07,169504.16480859497,1087.865650291374,166632.59458652366,695.6912793690076,False,168433.45276016663,887.7895507134132,False,169694.5974599688,1224.162397857601,False,169264.9101373211,1770.3504580340723,False,167485.08287844158,2457.64168327074,False,-0.0055455736395405,38.18074201714538,169685.69359502234,475.50737674296585,0.0,1.777698891203272e-05,False,291943.71875,1538.795166015625,False,294129.6459960937,2121.826257954528,False,290299.92041015625,4259.801367313368,False,False,-0.0096120774371034,66.17823019392439,False,False
[GGH2002] EIS J033125.60-280359.5,52.85661880371,-28.066556688660004,2026010200122,-1,i,20260102,i_39,0.1190056894990406,52.85659812258482,-28.06658425215353,746282538662626059,0,2901.9221443298256,1507.7389491187691,0.007976219,0.007926531,52.85659812258482,-28.06658425215353,4.427457e-07,4.4102964e-07,167400.33630181325,1092.1649984860926,165217.24530426625,695.6072865285809,False,168215.8775056778,888.3229113906842,False,169978.8327707723,1227.3120998857105,False,172426.44955814249,1772.1194476045307,False,168926.28293769105,2460.718992828668,False,1.3971206416003563,38.06086017166115,169346.40917194387,471.6670364500701,0.0,9.109814572316743e-05,False,291330.28125,1538.4716796875,False,294383.51416015625,2125.5614187142564,False,292560.62060546875,4261.6783081834565,False,False,2.4196500086258146,65.91697087602627,False,False
[GGH2002] EIS J033125.60-280359.5,52.85661880371,-28.066556688660004,2026010200123,-1,g,20260102,g_6,0.0960585125907281,52.85660232479937,-28.06657906134588,746282538796318726,0,2485.482803029824,57.69597817197442,0.025011191,0.025568679,52.85660232479937,-28.06657906134588,1.3909345e-06,1.4217044e-06,54451.07925438084,1206.5095965926716,52926.81625108828,722.6735662211117,False,53930.63249863845,956.9437810225448,False,55832.336493978895,1361.225949102898,False,55344.94155131123,1992.5039846341328,False,54731.783980531385,2783.53823088292,False,-0.1866747698082138,44.46433548966306,54998.982157579725,437.7499939006386,0.0,0.0006345500071127,False,123922.71875,2198.881591796875,False,128292.486328125,3127.847989732717,False,125763.6181640625,6396.061187012505,False,False,-0.4289444407544877,102.17090150815996,False,False
[GGH2002] EIS J033125.60-280359.5,52.85661880371,-28.066556688660004,2026010200124,-1,g,20260102,g_6,0.1140922140604294,52.856597906919326,-28.066582464437644,746282538930536453,0,2485.6494454215,57.32727153363426,0.022406492,0.023098914,52.856597906919326,-28.066582464437644,1.2461684e-06,1.2842506e-06,54028.17722224916,1211.3790061859306,52568.1073882486,724.9062602446367,False,54968.37963524624,960.4475025040864,False,57702.17173802712,1363.1710982016705,False,58891.70042349278,1998.0872836474712,False,56896.54078217858,2793.778944371545,False,0.0832471848462548,44.37780459616917,55082.60396916759,437.2860529352112,0.0,0.0011166106470283,False,125978.7109375,2201.191650390625,False,132244.1240234375,3124.1695476245663,False,130397.7470703125,6402.893306874537,False,False,0.1907891974567568,101.70681134062158,False,False
[GGH2002] EIS J033125.60-280359.5,52.85661880371,-28.066556688660004,2026010200125,-1,g,20260102,g_6,0.1031587525020654,52.856603781405504,-28.066582093527643,746282539064754184,0,2481.52985409704,55.56568362132989,0.025185421,0.025139859,52.856603781405504,-28.066582093527643,1.4003324e-06,1.398011e-06,53942.85908012996,1202.9384053587958,52601.58108558786,723.0813202439198,False,53431.44638795765,957.4053822242654,False,55046.22040937733,1359.1748790480108,False,52956.02154229446,1996.1965835253025,False,53511.27639032558,2784.817434472606,False,-0.7551493468261821,44.13792941244276,55276.39039496015,431.7080646551412,0.0,0.0005955024368528,False,122934.40625,2202.786376953125,False,126649.658203125,3127.1726303733617,False,123118.078125,6407.273262561291,False,False,-1.7374382102273551,101.55199816275208,False,False
[GGH2002] EIS J033125.60-280359.5,52.85661880371,-28.066556688660004,2026010200126,-1,g,20260102,g_6,0.1018417284281322,52.85660297337467,-28.06658128873064,746282539198971909,0,2477.583648530512,52.18047355402933,0.02332306,0.02459994,52.85660297337467,-28.06658128873064,1.2974114e-06,1.3675362e-06,52253.00611010023,1203.003980365312,52980.270341926494,721.7143776611404,False,53380.78649073185,955.1538304793291,False,55092.85390705361,1355.243932001781,False,57150.37513324175,1986.3010651615768,False,56846.144032662654,2778.143901269288,False,0.2723293810407187,44.341286885913206,54772.17533361338,446.0214254985956,0.0,0.0002785818004653,False,123204.8515625,2204.53076171875,False,127156.3671875,3127.953678656433,False,131203.0263671875,6412.060021531814,False,False,0.6285463960530951,102.34134841414672,False,False
[GGH2002] EIS J033125.60-280359.5,52.85661880371,-28.066556688660004,2026010200127,-1,g,20260102,g_6,0.1011470896260873,52.85660453991039,-28.066581808194915,746282539333189640,0,2476.0311413755403,49.8171324690943,0.019494236,0.018570527,52.85660453991039,-28.066581808194915,1.0835648e-06,1.0331397e-06,53141.00562454271,1195.7148537372425,53035.9095493909,721.3846660287662,False,53304.93775465718,954.65081555143,False,54948.62161960005,1352.2546307015873,False,57018.62768470235,1985.1394968130408,False,59009.13720382745,2773.6091949452416,False,1.3861760703092618,44.23774989481,54104.89147843481,386.89324916677714,0.0,9.586991807042368e-05,False,123284.15625,2207.92529296875,False,127085.68359375,3127.5070979073635,False,136476.8818359375,6414.829165356091,False,False,3.205960919203724,102.31347976208237,False,False
[GGH2002] EIS J033125.60-280359.5,52.85661880371,-28.066556688660004,2026010200128,-1,i,20260102,i_39,0.1167845695330217,52.85660029842521,-28.06658471944009,746282539487855242,0,1659.6290576634904,1361.0249948782432,0.007984688,0.008113216,52.85660029842521,-28.06658471944009,4.442976e-07,4.5030356e-07,169704.41218286808,1114.866426139626,166135.01901530733,708.3624331284129,False,169334.35608715477,905.6440809848508,False,171538.30063820007,1253.197315846436,False,171460.2960217458,1807.1539239513272,False,169835.4688355149,2511.1630964540554,False,0.988538794897478,38.01168247661951,167749.91178692845,479.4535204153534,0.0,0.0001508889868618,False,291962.15625,1561.4893798828125,False,295762.1435546875,2160.732169158394,False,292826.16259765625,4329.686008660877,False,False,1.7044144186930166,65.53881347534785,False,False
[GGH2002] EIS J033125.60-280359.5,52.85661880371,-28.066556688660004,2026010200129,-1,i,20260102,i_39,0.1168756320546751,52.85659922625437,-28.066584176365023,746282539622072991,0,1659.358880400656,1360.9924780764838,0.0073853107,0.0070008514,52.85659922625437,-28.066584176365023,4.0884606e-07,3.9073387e-07,169515.94339785964,1108.6099873878782,166991.61150981032,705.4313541952135,False,169904.4711465295,901.4804251452066,False,172754.91958395366,1246.455325019214,False,173682.14826018392,1797.1409105683667,False,174130.44953366183,2497.3862165984124,False,2.5727109983943004,38.88083152039997,169708.0298633073,469.2789232790864,0.0,0.0003545220158538,False,294423.40625,1562.1539306640625,False,299362.8803710937,2159.9527078608253,False,301746.50341796875,4327.661018282296,False,False,4.458189536347351,67.37566573039742,False,False
[GGH2002] EIS J033125.60-280359.5,52.85661880371,-28.066556688660004,2026010200130,-1,i,20260102,i_39,0.1176443269440973,52.85659881051175,-28.06658419637777,746282539756290735,0,1661.0307663650228,1362.2634523406364,0.006750375,0.00683679,52.85659881051175,-28.06658419637777,3.7551868e-07,3.7954013e-07,169117.87500882827,1110.8092370718225,166633.6540693778,706.9571232996955,False,169104.16358645435,903.3316450504408,False,171478.96007892108,1246.974716619643,False,171206.84395743383,1802.64584207088,False,171844.4844473277,2504.212944403881,False,2.598157362912233,38.259850276734106,169571.175779912,471.0022797340514,0.0,5.2095149581044e-05,False,292660.5625,1563.353271484375,False,296770.51025390625,2158.0800510722343,False,297403.10595703125,4333.92267455517,False,False,4.496507827878928,66.21450983630129,False,False
[GGH2002] EIS J033125.60-280359.5,52.85661880371,-28.066556688660004,2026010200131,-1,i,20260102,i_39,0.1197091504053387,52.85659964886638,-28.06658532508842,746282539890508445,0,1661.4329468233902,1361.6717453014269,0.0078051025,0.0070975665,52.85659964886638,-28.06658532508842,4.3090003e-07,3.975761e-07,169786.76423736324,1108.1549897703867,167427.24584449673,706.0802762549931,False,170194.075322506,902.1204132659584,False,173064.0487550524,1249.7292533373616,False,173279.6834052662,1803.940761726073,False,171297.65461280898,2504.294444837177,False,2.236992042727402,39.784709403549,168157.01850226548,466.7186122667068,0.0,0.0008633053476873,False,294561.3125,1561.3338623046875,False,299528.48388671875,2162.953607140159,False,296471.31884765625,4334.276955057733,False,False,3.8716465946843943,68.85689879118132,False,False
[GGH2002] EIS J033125.60-280359.5,52.85661880371,-28.066556688660004,2026010200132,-1,i,20260102,i_39,0.1145368243551321,52.856599768602,-28.06658370935744,746282540024726170,0,1661.3183065572582,1365.9212210392463,0.0077546122,0.008544466,52.856599768602,-28.06658370935744,4.3449703e-07,4.715931e-07,167628.98488815437,1113.6753278833426,166092.01158302778,707.86750669098,False,168392.92214833372,904.6561742830104,False,171020.48364920082,1251.9781084698573,False,171415.30952214947,1806.942406730004,False,168393.70063006764,2509.727505448972,False,1.1405604086346597,40.35283533897542,167820.28377252273,475.1319255259111,0.0,0.0015465168290366,False,290982.625,1563.2440185546875,False,295523.0458984375,2163.415610331807,False,290983.9702148437,4336.803995401597,False,False,1.9708860529377652,69.72961691813019,False,False
[GGH2002] EIS J033125.60-280359.5,52.85661880371,-28.066556688660004,2026010400131,-1,y,20260104,y_10,0.1173319357105344,52.85660179823713,-28.066585621031116,746291335962034357,0,496.4834383012829,720.8237121624538,0.013118945,0.012627853,52.85660179823713,-28.066585621031116,7.1265185e-07,7.185796e-07,208358.4793689249,3403.5545102681813,201375.8898498954,2072.275071789248,False,205078.8410963194,2713.413349715055,False,206742.8101225324,3821.052570330887,False,204876.35146744337,5574.147698533109,False,203906.6193660114,7783.67778060455,False,1.290608297362218,122.81727711803974,209249.72147389545,1179.341383585062,0.0,0.0007382217602347,False,103250.359375,1366.1131591796875,False,104088.1123046875,1923.7725792108165,False,102660.18481445312,3918.822262747056,False,False,0.649778250172672,61.834404427615794,False,False
[GGH2002] EIS J033125.60-280359.5,52.85661880371,-28.066556688660004,2026010400132,-1,y,20260104,y_10,0.1135009401222191,52.85659899109108,-28.06658292552245,746291336097301210,0,160.7212319636714,2774.5871929910427,0.012604087,0.013240641,52.85659899109108,-28.06658292552245,7.200236e-07,7.167602e-07,211539.5661065928,3435.6084865842017,210088.4350479333,2098.6759576221675,False,213525.84483884403,2746.385869588769,False,219054.076282404,3873.312777946645,False,228016.8332393765,5646.214371903541,False,238123.9319363378,7877.944738162165,False,10.505054776563767,128.27080787543676,211816.97177496745,1202.3578035981443,0.0,0.0004479093746212,False,106672.546875,1372.030517578125,False,109434.32275390624,1935.01699608724,False,118961.17919921876,3935.638002015703,False,False,5.2480810879039055,64.08111287939734,False,False
[GGH2002] EIS J033125.60-280359.5,52.85661880371,-28.066556688660004,2026010500062,-1,z,20260105,z_20,0.1087429221941876,52.85659912259752,-28.066581403519915,746295724752766476,0,587.9779685061607,2588.5826387900524,0.006452903,0.006673861,52.85659912259752,-28.066581403519915,3.5915377e-07,3.7033186e-07,190741.8659688648,1188.5546532025971,188726.7103381768,776.1584024161372,False,191416.28474989976,976.9526913701112,False,192312.6948012122,1334.9012875300443,False,195228.6658890224,1911.944057029173,False,197235.4056871365,2647.947201600596,False,3.4669863835573294,42.87252698573095,193000.72032641733,545.2017267611026,0.0,0.000542916443288,False,232265.75,1185.440673828125,False,233353.45971679688,1619.777800667473,False,239326.7087402344,3213.03615073161,False,False,4.2068635574495055,52.02179975307066,False,False
[GGH2002] EIS J033125.60-280359.5,52.85661880371,-28.066556688660004,2026010500063,-1,z,20260105,z_20,0.1133784761008914,52.85659963355949,-28.06658325424084,746295724882264886,0,1044.450792223682,1384.6387949655648,0.0077552213,0.0069592586,52.85659963355949,-28.06658325424084,4.278966e-07,3.9022356e-07,192561.60683283355,1186.1759920768527,189120.14964728008,775.0351993994838,False,191626.33585671903,975.1428392022308,False,192771.0798018228,1334.2783704593903,False,192459.1286621792,1914.568933396912,False,190728.60293393472,2647.4041903561333,False,0.9717955591968016,41.90458536324877,188828.12632776893,539.019804619272,0.0,0.0001506464016582,False,232373.15625,1182.494140625,False,233761.31494140625,1617.9951198961671,False,231284.5322265625,3210.339877513032,False,False,1.178435105543853,50.81504438662595,False,False
[GGH2002] EIS J033125.60-280359.5,52.85661880371,-28.066556688660004,2026010500066,-1,r,20260105,r_57,0.1251066222663856,52.856596326582086,-28.066585224754093,746295725283869555,0,109.1184322664031,1819.4013699208897,0.008482118,0.006740311,52.856596326582086,-28.066585224754093,3.9763856e-07,4.5244596e-07,125013.71377187347,743.1179291376872,123546.992995718,483.6705482606264,False,125021.28024334049,609.9257186591357,False,126353.91793376868,835.2596501385907,False,125228.97217455647,1197.4178075213406,False,122202.41357766438,1659.6623547930744,False,-0.4010918586828384,25.88688711370886,125867.92789374004,344.71037755002664,0.0,0.00021225041535,False,265507.15625,1295.296630859375,False,268337.2731933594,1773.8373339884274,False,259520.7412109375,3524.617819451261,False,False,-0.8517970587617611,54.97587105449372,False,False
[GGH2002] EIS J033125.60-280359.5,52.85661880371,-28.066556688660004,2026010500067,-1,r,20260105,r_57,0.1197693969340109,52.85660001422742,-28.06658553225135,746295725418087302,0,109.09713964276074,1818.7387677706824,0.008213383,0.0063084285,52.85660001422742,-28.06658553225135,3.7613324e-07,4.359823e-07,124562.6581734214,744.2477460916316,122817.77041976996,484.0427289900146,False,124426.7876068014,610.6429508445303,False,125495.06612876538,836.2529154677969,False,124582.58398686643,1199.4450649628695,False,123361.5088035164,1662.6931574409648,False,0.3294708486184963,26.10425822329077,125399.12249083653,341.2470158062963,0.0,0.0004445518702463,False,264249.4375,1296.8433837890625,False,266518.1772460937,1775.9790055692258,False,261987.068359375,3531.11849979849,False,False,0.6997085442341382,55.43850873702277,False,False
[GGH2002] EIS J033125.60-280359.5,52.85661880371,-28.066556688660004,2026010500068,-1,r,20260105,r_57,0.1215143140575411,52.85659801989437,-28.06658502569205,746295725552304956,0,109.15928790919592,1818.0307419955436,0.008449635,0.0065243514,52.85659801989437,-28.06658502569205,3.8833775e-07,4.4885192e-07,123743.63372416624,743.0430075735684,123307.49341330367,484.3606520626437,False,124012.45968704709,610.6247447111128,False,125468.5118466729,834.223977691691,False,125058.79369839709,1199.9887826725676,False,124317.1102780394,1662.4370852185666,False,0.3342374648495699,27.167410548635075,125460.19687382548,341.78114020766566,0.0,0.0001021898605225,False,263519.84375,1297.544921875,False,266613.8767089844,1772.6813322514824,False,264167.2099609375,3532.589886907625,False,False,0.7102367353637322,57.7292943058703,False,False
[GGH2002] EIS J033125.60-280359.5,52.85661880371,-28.066556688660004,2026010500069,-1,r,20260105,r_57,0.1223565138737848,52.85659896663858,-28.066585822481443,746295725686522746,0,109.15430840390052,1817.471968683581,0.008592846,0.00685022,52.85659896663858,-28.066585822481443,4.0373456e-07,4.585438e-07,123495.89281546924,744.9460586930471,122425.33468071304,484.6020555870057,False,123321.15702509852,611.341755233898,False,123999.0064075366,837.2498492547165,False,124025.316735068,1201.2301212068303,False,125279.66668956573,1667.0683873207297,False,-0.1831312881821116,25.657038924059407,124926.80646657788,341.9812156962552,0.0,0.0001895761536432,False,261474.890625,1296.2132568359375,False,262912.1184082031,1775.200768795251,False,265627.4716796875,3534.6451067627318,False,False,-0.3882888768039008,54.400004089034304,False,False
[GGH2002] EIS J033125.60-280359.5,52.85661880371,-28.066556688660004,2026010500070,-1,r,20260105,r_57,0.1209282167895297,52.85659903313248,-28.066585394378237,746295725820740485,0,107.7915457786219,1817.9587457132252,0.008253847,0.0073441374,52.85659903313248,-28.066585394378237,4.1975125e-07,4.4845714e-07,123681.09260759564,744.4145534703677,122297.05614630497,484.04913207245,False,123739.43883512904,610.8268674900278,False,125022.57793112956,835.1479812836961,False,125566.74214770156,1201.3544628357156,False,124868.7904999656,1663.658468833219,False,0.7598769009880505,26.362450200377346,124806.11912922964,345.62827226384474,0.0,1.446537346461163e-06,False,262805.5,1297.31201171875,False,265530.71044921875,1773.7391155271882,False,265204.0871582031,3533.3811099103214,False,False,1.6138737235482052,55.99020790264313,False,False
[GGH2002] EIS J033125.60-280359.5,52.85661880371,-28.066556688660004,2026010500071,-1,r,20260105,r_57,0.1204378055096638,52.85659867512664,-28.066585039370537,746295725953385496,0,633.9409233025758,2447.4834423338643,0.009424607,0.0069888383,52.85659867512664,-28.066585039370537,4.2736391e-07,4.9281056e-07,124697.5654095676,748.6895108620304,123288.48457036597,486.5040778193454,False,124521.98927732935,613.7357544276192,False,125810.3711872117,840.8630146821839,False,126472.092258791,1205.0726234882684,False,124732.62321397294,1671.49262911404,False,0.2760996276566839,27.06370598142294,126796.62843404798,354.69281762513936,0.0,4.9966402469237e-05,False,263475.6875,1298.6015625,False,266201.7707519531,1779.1794218231794,False,263921.3671875,3536.706024075569,False,False,0.5841983382816305,57.26401080753922,False,False
