simbad_id,target_ra,target_dec,visit,detector,band,day_obs,physical_filter,sep_arcsec,src_ra,src_dec,sourceId,parentSourceId,x,y,xErr,yErr,ra,dec,raErr,decErr,calibFlux,calibFluxErr,ap09Flux,ap09FluxErr,ap09Flux_flag,ap12Flux,ap12FluxErr,ap12Flux_flag,ap17Flux,ap17FluxErr,ap17Flux_flag,ap25Flux,ap25FluxErr,ap25Flux_flag,ap35Flux,ap35FluxErr,ap35Flux_flag,sky,skyErr,psfFlux,psfFluxErr,extendedness,sizeExtendedness,apFlux_12_0_flag,apFlux_12_0_instFlux,apFlux_12_0_instFluxErr,apFlux_17_0_flag,apFlux_17_0_instFlux,apFlux_17_0_instFluxErr,apFlux_35_0_flag,apFlux_35_0_instFlux,apFlux_35_0_instFluxErr,extendedness_flag,sizeExtendedness_flag,localBackground_instFlux,localBackground_instFluxErr,localBackground_flag,sky_source
VIDEO J022732.80-041547.56,36.88670690756,-4.263247524659999,2025071900594,-1,u,20250719,u_24,0.8399273688409332,36.88693195465758,-4.263311311207604,745548128289030459,0,1024.256034665623,3535.851119893938,1.0481439,1.1862645,36.88693195465758,-4.263311311207604,6.590468e-05,5.831214e-05,1746.9753850020188,869.3193730973311,1868.5423077891323,514.637685341043,False,2438.395869165068,685.2115714774884,False,3391.0400461346508,975.3613458827882,False,5396.92301268707,1430.1736187303443,False,9717.494870393308,2000.5462745056357,False,1.7072216632226258,32.30317301361612,2142.801476523341,397.0556884398276,1.0,0.9999973018097656,False,777.3326416015625,218.4375915527344,False,1081.0246810913086,310.9340124377473,False,3097.825932562351,637.7512117177712,False,False,0.5442426892425233,10.2978811309193,False,False
VIDEO J022732.80-041547.56,36.88670690756,-4.263247524659999,2025072100544,-1,u,20250721,u_24,0.43560108991506,36.88681748283472,-4.26319770748898,745556917672214570,0,409.0,471.0,1.0500896,2.8138888,36.88681748283472,-4.26319770748898,0.00014609037,8.0501326e-05,393.113120965686,1087.5118060085174,2707.626446542857,648.6581760589797,True,2653.1785664886133,863.4412753919682,True,4640.580515101104,1226.7388841017382,True,6420.936246648032,1806.5552514422573,True,5644.2006870187,2527.3019323703743,True,0.1902433713563844,40.905268873450986,2459.270242736595,439.8329475954953,,,True,802.023193359375,261.0076599121094,True,1402.7903175354004,370.8280511807062,True,1706.1723308563232,763.9722376717406,True,True,0.0575082273533644,12.365158825524457,True,False
VIDEO J022732.80-041547.56,36.88670690756,-4.263247524659999,2025072100550,-1,u,20250721,u_24,0.5600373679525793,36.88685821269085,-4.263285393296746,745556918477521392,745556918477520932,386.7373098010479,479.908288847259,0.59681296,0.42363632,36.88685821269085,-4.263285393296746,2.5145664e-05,3.1947264e-05,2732.252612783685,1073.3419065664248,1729.4703363547317,635.2483392486503,False,2224.3163123475765,847.5640147387073,False,2219.4530697695527,1208.9062108994735,False,1657.498139526784,1772.547354912386,False,-452.62138352944834,2478.455714320303,False,0.0151797805386556,39.73332635808942,2485.025510895769,440.4116888965506,0.0,0.016510618607062,False,682.9285278320312,260.226318359375,False,681.4353736992925,371.1686752075426,False,-138.9676699321717,760.9565702870947,False,False,0.0046606254328712,12.199264072725764,False,False
VIDEO J022732.80-041547.56,36.88670690756,-4.263247524659999,2025072800386,-1,u,20250728,u_24,0.480274479227973,36.88677657589693,-4.263361416107397,745587682775662916,0,3892.266625656837,2959.142786949855,1.0664946,0.557576,36.88677657589693,-4.263361416107397,3.9881263e-05,5.3610696e-05,1534.4951144665213,700.714004194551,1241.1459433974485,414.8901597127072,False,1524.8416114267116,551.6567309106656,False,1293.2600495657616,783.1976223030574,False,2440.3497790095817,1151.9789545618391,False,1914.408509204639,1611.7382067126302,False,-0.4559120804591737,25.055666961048107,1697.752721470522,322.21845384955884,0.0,0.1308875302323027,False,553.2654418945312,200.1602020263672,False,469.23961639404297,284.17127086977695,False,694.6138286590576,584.7945415923098,False,False,-0.165420720926085,9.091065294444686,False,False
VIDEO J022732.80-041547.56,36.88670690756,-4.263247524659999,2025072800389,-1,u,20250728,u_24,0.6923289463241638,36.88688996823331,-4.263187039129213,745587683178316099,0,3902.0,2938.0,,,36.88688996823331,-4.263187039129213,,,1411.6187389125023,695.0852381540712,1882.924897019902,412.2161811381149,True,2256.234431026372,548.0115214013056,True,2900.4297360780984,777.2760325501838,True,4280.010416705195,1144.8657285692734,True,3986.7131523882126,1601.2566669786572,True,-0.044050950346688,25.30723502235117,1778.7016636021483,336.89528226282687,,,True,819.5446166992188,199.05728149414065,True,1053.539270401001,282.33430861882994,True,1448.116054534912,581.6333902763464,True,True,-0.0160008723919215,9.192488130178443,True,False
VIDEO J022732.80-041547.56,36.88670690756,-4.263247524659999,2025072800390,-1,u,20250728,u_24,0.905238637080295,36.88686003861992,-4.263447299977224,745587683312533835,0,3908.0,2922.0,3.4227173,1.4459964,36.88686003861992,-4.263447299977224,0.00011751482,0.00016955847,1863.2053434128468,686.8446625336728,2268.811597984788,411.541318808694,True,2245.002498700248,545.3729803220273,True,3336.539431187119,772.1445842101595,True,3855.433990306726,1134.0683703504285,True,4244.018384070288,1585.3169321693429,True,0.1674156071484532,24.768568890654883,1824.400449783025,324.0702796579626,,,True,820.6849975585938,199.36700439453125,True,1219.7081546783447,282.2658222314994,True,1551.446922302246,579.5297882119238,True,True,0.0612005898538841,9.05441883085897,True,False
VIDEO J022732.80-041547.56,36.88670690756,-4.263247524659999,2025110500301,-1,g,20251105,g_6,0.2086481180267724,36.886763636897136,-4.263234928037983,746027476030324950,0,3817.298081745686,3178.6401520337945,0.319054,0.5705883,36.886763636897136,-4.263234928037983,2.8294244e-05,2.269217e-05,16159.133565324675,2056.63691419451,13204.235964672258,1165.985162992121,False,15177.753306951565,1557.557092652407,False,16390.113929969757,2222.3062292182326,False,17400.404775186737,3270.110472040933,False,16394.57006367361,4577.401446822668,False,0.3292879028668162,72.5737307376654,15621.63290399092,1137.606559555179,0.0,0.3303460739175353,False,29110.966796875,2987.398193359375,False,31436.27734375,4262.388611997679,False,31444.82421875,8779.466818280098,False,False,0.6315749777391662,139.1965874726591,False,False
VIDEO J022732.80-041547.56,36.88670690756,-4.263247524659999,2025110500302,-1,g,20251105,g_6,0.4101066518523341,36.88678604844488,-4.263329675507046,746027476158775410,0,2541.886004454184,1549.237047213329,0.5591316,0.6690964,36.88678604844488,-4.263329675507046,3.5206234e-05,3.324473e-05,10441.224756099858,1965.9847112949765,9759.745932397873,1131.3186611556346,False,10727.120382386036,1511.0731965760313,False,10737.252121196738,2156.1091731432502,False,12957.255303228443,3169.39519227984,False,6826.483181661779,4435.731195599085,False,-0.6713250317643276,70.85701907614309,11529.304332237103,1011.0670648475505,0.0,0.4321665385405867,False,20889.91015625,2942.652099609375,False,20909.640625,4198.790104750415,False,13293.83984375,8638.108164190235,False,False,-1.307333105185041,137.98640358980302,False,False
VIDEO J022732.80-041547.56,36.88670690756,-4.263247524659999,2025110500306,-1,i,20251105,i_39,0.3293521626152609,36.88678370506624,-4.263297570190942,746027476701937797,0,791.4727289139512,420.453773458042,0.026061501,0.024952605,36.88678370506624,-4.263297570190942,1.3962898e-06,1.4363412e-06,99925.0220340396,1756.7630180465078,97270.52609838617,1058.9970028680402,False,101250.65675234956,1399.3633570530826,False,102536.8363389908,1983.665820304968,False,108734.9062890599,2910.0443740787296,False,111798.3747291551,4058.085371826385,False,2.6256241827722517,64.47761537614599,101020.34870235813,681.0415709570135,0.0,0.0023891168282431,False,166718.25,2304.1767578125,False,168836.0595703125,3266.2829531560988,False,184086.009765625,6682.000030837277,False,False,4.323324736353496,106.1681528246947,False,False
VIDEO J022732.80-041547.56,36.88670690756,-4.263247524659999,2025110500307,-1,i,20251105,i_39,0.3355611788675902,36.88678689580328,-4.263295749254555,746027476836680083,0,2532.9713296359314,1657.170272193886,0.032759324,0.03388584,36.88678689580328,-4.263295749254555,1.8648e-06,1.8330052e-06,99518.65232596226,1821.0379316056567,95055.7015245382,1090.4181892601412,False,99167.44913694696,1441.4020036768925,False,102536.42367292248,2037.6132076836548,False,105737.21732046184,2989.951925242281,False,104339.92114731728,4176.8339891943415,False,0.4096885720069141,66.38105398064383,101133.33795900182,787.4261896910657,0.0,0.0045131521217347,False,160484.328125,2332.644775390625,False,165936.3955078125,3297.5032579708127,False,168855.025390625,6759.439738334227,False,False,0.663005812806818,107.4255609176896,False,False
VIDEO J022732.80-041547.56,36.88670690756,-4.263247524659999,2025110800054,-1,y,20251108,y_10,0.3262058585779886,36.88678486777846,-4.263294069915207,746040636986622168,0,2823.6179834453883,1091.9464279518452,0.026744843,0.028891213,36.88678486777846,-4.263294069915207,1.5316807e-06,1.55841e-06,154696.878053152,4442.853556422622,155622.5809829312,2665.285556062842,False,156034.07273891,3522.6883142736983,False,157530.92999227686,4993.003785166243,False,165186.02198649282,7313.013166822366,False,149663.6963108964,10212.92317197367,False,0.0719849061712203,162.6316573873793,166713.49137561314,1502.0309805635768,0.0,0.0051602610485081,False,68852.8359375,1554.449462890625,False,69513.35107421875,2203.252561577464,False,66041.79296875,4506.635706284696,False,False,0.0317646322215583,71.76413861268516,False,False
VIDEO J022732.80-041547.56,36.88670690756,-4.263247524659999,2025110800055,-1,y,20251108,y_10,0.3296609138752412,36.88678544169115,-4.263294979828717,746040637120839907,0,2821.694047354435,1093.8257938903191,0.030229324,0.02500228,36.88678544169115,-4.263294979828717,1.5692459e-06,1.5081652e-06,165421.5567522253,4415.658437859058,160799.46405163463,2649.2449459806057,False,157266.46991416626,3497.937105255619,False,149576.7704460888,4958.164061294228,False,140131.5260251555,7258.428302158576,False,118328.06454769614,10141.597161189366,False,-13.00091498202865,160.24469094794992,167218.27216652088,1479.0584773220207,0.0,8.566515467678393e-05,False,69595.703125,1547.954833984375,False,66192.75244140625,2194.154381688671,False,52364.14892578125,4487.997890641912,False,False,-5.753342209159152,70.91366611495562,False,False
VIDEO J022732.80-041547.56,36.88670690756,-4.263247524659999,2025110800056,-1,y,20251108,y_10,0.3233412485007442,36.88678359378815,-4.2632946289867775,746040637272883578,0,3667.483787963524,1695.793493474564,0.024571132,0.019692527,36.88678359378815,-4.2632946289867775,1.2492087e-06,1.223178e-06,166980.70489298517,4253.463384062722,163661.2467872388,2554.5717912590235,False,167857.91715163024,3374.982198769934,False,171255.13098653164,4786.086994714015,False,185127.1711272613,7000.12447546178,False,173553.75468481166,9786.7119956213,False,10.11672659336194,154.6940343231213,171529.3061638714,1368.9870868608764,0.0,0.0001038125076705,False,75610.9921875,1520.24853515625,False,77141.2548828125,2155.8755911353337,False,78176.66162109375,4408.389051877663,False,False,4.55704293484577,69.6813687381369,False,False
VIDEO J022732.80-041547.56,36.88670690756,-4.263247524659999,2025110800057,-1,y,20251108,y_10,0.3221132183858203,36.8867832977486,-4.263294457841586,746040637407101313,0,3665.512066920596,1697.0503976940183,0.023122339,0.020068321,36.8867832977486,-4.263294457841586,1.2099176e-06,1.1940677e-06,163242.19712275974,4207.945416071128,161689.48807150443,2525.647493667501,False,166314.55711143356,3336.139335156047,False,174447.51717050874,4728.144915591606,False,180504.72364381969,6906.269756978538,False,176490.58205622682,9661.376389835645,False,8.98945292587315,154.52411457740868,170661.82028932555,1344.601647620852,0.0,0.0005745316505751,False,74933.703125,1503.1112060546875,False,78598.04150390625,2130.2850068592275,False,79518.552734375,4352.972600526851,False,False,4.050234738936347,69.62147107567294,False,False
VIDEO J022732.80-041547.56,36.88670690756,-4.263247524659999,2025110800166,-1,z,20251108,z_20,0.3308990608996602,36.88678712789827,-4.2632927892902455,746040652049941272,0,875.2544659335532,1772.756175621853,0.018337227,0.012966796,36.88678712789827,-4.2632927892902455,7.577747e-07,9.901876e-07,140583.14621402693,1452.4623933604596,139459.58352482956,903.5951559613572,False,141929.31019232434,1171.0662011041734,False,144388.86531852838,1639.0579977658952,False,149691.44922340868,2379.725047876175,False,148310.9505189909,3309.9392678185977,False,1.828900609377,52.76202756885084,143733.75641324243,615.1831177566067,0.0,0.0024145321484712,False,170982.328125,1410.7841796875,False,173945.35571289062,1974.574187742864,False,178670.29418945312,3987.4858913714943,False,False,2.2032776998406227,63.562447376746526,False,False
VIDEO J022732.80-041547.56,36.88670690756,-4.263247524659999,2025110800167,-1,z,20251108,z_20,0.3344195997794511,36.88678594682661,-4.263296684356863,746040652187305726,0,339.6298554979243,3493.0045509250854,0.014436071,0.011285804,36.88678594682661,-4.263296684356863,6.5351986e-07,7.799031e-07,141914.30041646812,1434.2235288194256,140318.18087108628,894.3283238545997,False,142191.72524515257,1158.4171806544236,False,144751.3660048152,1619.478079456075,False,148072.88014095827,2348.352971228621,False,147373.94031090382,3272.382596793703,False,2.1304703783119026,49.58476896122534,142134.6222581692,582.1588257270517,0.0,7.321012172734065e-05,False,171346.078125,1395.933837890625,False,174430.5361328125,1951.5285931426972,False,177590.83129882812,3943.337230899934,False,False,2.5672924585157904,59.751407345202274,False,False
VIDEO J022732.80-041547.56,36.88670690756,-4.263247524659999,2025110800170,-1,r,20251108,r_57,0.3304865806291034,36.88678722231522,-4.263292388489952,746040652554308111,746040652554306967,3481.4241818793957,2695.621061692653,0.019173281,0.020219536,36.88678722231522,-4.263292388489952,1.074933e-06,1.1119608e-06,46405.0768713928,558.779889962459,44750.03008765693,352.3696737500219,False,45583.817249613465,452.9358907372337,False,45092.47224055848,629.6995245388364,False,45267.18526399681,912.0529071737596,False,42989.15654535005,1266.8631100943264,False,-0.9752775261461704,20.19057236265728,45923.68319080776,257.8012904814252,0.0,0.0006346374314218,False,95588.0625,949.7946166992188,False,94557.72497522832,1320.4632946432098,False,90147.12743729351,2656.578528373854,False,False,-2.0451312493996108,42.33909771847425,False,False
VIDEO J022732.80-041547.56,36.88670690756,-4.263247524659999,2025110800171,-1,r,20251108,r_57,0.3247657814128384,36.88678540533088,-4.263292363115927,746040652688525887,746040652688524705,3480.4005942268477,2698.05086334626,0.017815588,0.019523712,36.88678540533088,-4.263292363115927,1.0071135e-06,1.066625e-06,45689.115793483295,561.2272274120664,44513.16571522843,353.7340973374972,False,45248.550268093655,454.76867319133305,False,44982.01160732616,631.5628641341696,False,45579.35048579301,914.4852540075476,False,44925.41096595948,1271.5380365866015,False,-0.1996419319131587,19.627741912745464,45675.126147770265,254.86774792551677,0.0,0.0004303797473832,False,94979.4765625,954.5872802734376,False,94419.99559938908,1325.6891081894976,False,94301.18738877772,2669.036166435228,False,False,-0.4190606346654331,41.19983163948885,False,False
VIDEO J022732.80-041547.56,36.88670690756,-4.263247524659999,2025110800172,-1,r,20251108,r_57,0.3261239681467831,36.886786001336745,-4.263292081285599,746040652820646424,746040652820645512,3133.2037627881773,3236.187259098715,0.01854792,0.020929994,36.886786001336745,-4.263292081285599,1.0617737e-06,1.1334085e-06,45837.7640027553,556.1281801030286,44715.46732562694,349.5268145109341,False,46166.7393531105,449.8354867162592,False,47039.08987602673,625.0608598264951,False,47590.98532919985,905.4686109747356,False,47169.87092717142,1257.425745275801,False,0.0491910158217354,19.68672398249722,45324.30298055303,261.0897879341552,0.0,0.000878073780886,False,97179.3125,946.8873901367188,False,99015.57872247696,1315.7304474981313,False,99290.8680934906,2646.835604114838,False,False,0.1035453048171745,41.43984021404456,False,False
VIDEO J022732.80-041547.56,36.88670690756,-4.263247524659999,2025110800173,-1,r,20251108,r_57,0.3176951415782202,36.88678336834913,-4.263291953034828,746040652954864269,746040652954863337,3133.6207729793146,3239.7220124795517,0.018247975,0.022185408,36.88678336834913,-4.263291953034828,1.0676114e-06,1.1855227e-06,45540.64204149736,558.4337582477922,44894.65837735824,351.7678738882587,False,45917.77352776429,452.4320392988838,False,46848.11543380699,628.5515701529763,False,47722.08205811391,911.4749860940746,False,47011.98603592161,1267.3339736945015,False,0.3381118018716514,19.94238130675557,45661.93130996732,255.55796567420288,0.0,0.0012895186707165,False,96479.09375,950.6173706054688,False,98433.86065346004,1320.666948863087,False,98778.173671484,2662.830182449945,False,False,0.7104159832800319,41.90148449879334,False,False
VIDEO J022732.80-041547.56,36.88670690756,-4.263247524659999,2025110900311,-1,g,20251109,g_6,0.3002142839737223,36.88677888039438,-4.263289985308191,746045069560643722,0,2800.907765976027,417.23325287667495,0.048736516,0.04582121,36.88677888039438,-4.263289985308191,2.5422685e-06,2.7051867e-06,13868.247834308308,584.7990809705773,14073.38821122032,353.53642534437154,False,14488.712030946706,466.6782022326256,False,15423.679476542387,660.7879343459988,False,16513.670085390455,967.4789815499915,False,17552.9025028489,1350.9431324274972,False,0.6799442072101936,21.072854425044035,14659.330713656993,214.77322223893145,0.0,0.0001219097458616,False,31899.5078125,1027.47607421875,False,33958.00695800781,1454.8435933472422,False,38645.874755859375,2974.3445045403623,False,False,1.4970195765943766,46.39568257879471,False,False
VIDEO J022732.80-041547.56,36.88670690756,-4.263247524659999,2025110900312,-1,g,20251109,g_6,0.3335828657029672,36.8867839487753,-4.263299328917306,746045069692765502,0,3986.350928665589,3938.849998813871,0.028765313,0.027904911,36.8867839487753,-4.263299328917306,1.5490235e-06,1.5963515e-06,14886.264688343002,571.8431965457727,15174.797157963676,346.7777593746501,False,15245.235442900308,457.1342464707607,False,15371.34615418228,646.4528071074274,False,17525.728423314045,946.8416973113128,False,17824.212474810804,1322.042927080715,False,0.9538695366247978,20.706657703618028,16198.5278499192,206.03907710697504,0.0,0.0075624610261842,False,33146.51953125,993.9111328125,False,33420.712158203125,1405.5316283617367,False,38753.78698730469,2874.4142304499,False,False,2.073923708454268,45.020861538712246,False,False
VIDEO J022732.80-041547.56,36.88670690756,-4.263247524659999,2025110900315,-1,i,20251109,i_39,0.3279850197603943,36.88678542142044,-4.263294109173135,746045070082312530,746045070082311522,3059.20728922896,2806.918217006117,0.012015132,0.012689246,36.88678542142044,-4.263294109173135,7.033132e-07,6.689911e-07,101502.1020692239,921.0572165690504,98447.31008307742,580.5858433575346,False,100664.95260263328,747.2462944691256,False,100183.27984939872,1037.243290913919,False,99970.09971483552,1503.915866648765,False,100010.70309594316,2091.06905169784,False,0.2255991859910777,32.68964501443714,100781.97457637984,399.0680626706315,0.0,0.0003796948547724,False,174396.921875,1294.5662841796875,False,173562.44827377796,1796.971363856289,False,173263.46780627966,3622.6710152410974,False,False,0.3908391411026243,56.63315106508226,False,False
VIDEO J022732.80-041547.56,36.88670690756,-4.263247524659999,2025110900316,-1,i,20251109,i_39,0.3248609095314708,36.88678460887194,-4.263293773704645,746045070235928971,746045070235927332,1519.9431119175345,1356.36256794498,0.013963793,0.0119298175,36.88678460887194,-4.263293773704645,6.6283104e-07,7.734377e-07,101602.23417462816,963.0017992157748,100345.82073591034,607.3710996654168,False,102049.90285096384,781.4906907572389,False,103520.776473373,1086.7103328566452,False,105711.1663855,1574.6050285839656,False,109616.01424462792,2188.3458995815563,False,1.971856364419957,35.25267314760883,101197.7561440699,403.1818206645637,0.0,0.0025055567404131,False,175654.625,1345.1502685546875,False,178186.383946836,1870.5132554641757,False,188677.88540920612,3766.7167495755775,False,False,3.39408152844488,60.679088455715416,False,False
VIDEO J022732.80-041547.56,36.88670690756,-4.263247524659999,2025110900321,-1,y,20251109,y_10,0.3094216975132053,36.88677880525668,-4.263294924787149,746045070872412257,0,3860.843078490499,522.3162275315151,0.021239223,0.019376228,36.88677880525668,-4.263294924787149,1.1744607e-06,1.0801574e-06,167513.84819649725,4159.619621283454,163178.44105781784,2500.26909966754,False,167093.8457878115,3299.2701906600337,False,167574.85716742824,4670.242793643406,False,173523.093556656,6837.007706125538,False,169553.10901927392,9547.305481376345,False,0.4347716387109418,152.30786068491267,169069.27453853592,1353.5502010856455,0.0,0.0004837615919017,False,77552.9765625,1531.2845458984375,False,77776.2275390625,2167.591680046371,False,78694.39013671875,4431.174318487178,False,False,0.201789805890319,70.69038296587675,False,False
VIDEO J022732.80-041547.56,36.88670690756,-4.263247524659999,2025111100194,-1,g,20251111,g_6,0.3069622556790609,36.88678165680252,-4.263288924421361,746053849919784933,746053849919784316,922.9531892464448,3570.359672680019,0.045626517,0.050237756,36.88678165680252,-4.263288924421361,2.5358645e-06,2.7843723e-06,14938.32771376859,397.1872143497242,14497.04010803113,244.7930673105478,False,15114.085342141854,318.5988102444946,False,15421.967714921686,446.3879842533962,False,15794.13229301588,649.8763158429559,False,15362.055352122654,905.6135671452856,False,0.0049480889617099,14.532379577897643,14803.344912873716,179.78793183182307,0.0,0.0003413963437857,False,32704.7578125,689.403076171875,False,33370.97202318907,965.9208999377348,False,33241.33008515835,1959.620560208081,False,False,0.0107069695230724,31.446028242891387,False,False
VIDEO J022732.80-041547.56,36.88670690756,-4.263247524659999,2025111100195,-1,g,20251111,g_6,0.3091872546378286,36.88678258538812,-4.263288522337529,746053850052953708,0,2239.848155026272,3543.56489980394,0.03658337,0.040857706,36.88678258538812,-4.263288522337529,2.0333246e-06,2.2679942e-06,14624.410320868265,381.1516569338376,14350.41709622988,235.1557038270214,False,14813.66858532641,306.30892723783137,False,15109.2410099214,429.0168866147637,False,15824.194241184585,625.2541659048292,False,16269.20406078975,871.8411602262644,False,0.4285150979149518,13.675547405731653,15255.94586199753,164.1116429291213,0.0,0.0244747756166089,False,32038.177734375,662.4678955078125,False,32677.42531967163,927.8538388544048,False,35186.1288305521,1885.5695256434208,False,False,0.9267685981891992,29.576712606740656,False,False
VIDEO J022732.80-041547.56,36.88670690756,-4.263247524659999,2025111100213,-1,i,20251111,i_39,0.3377315692895157,36.886788440431154,-4.263294324825824,746053852476214300,746053852476212895,109.53554230112536,2845.482432761205,0.013860446,0.011022545,36.886788440431154,-4.263294324825824,7.154441e-07,6.748187e-07,99615.72953754423,804.3040491900705,98521.5852863806,516.0909286324063,False,100469.63281399469,656.7424413247037,False,101945.5792506568,905.7165075251158,False,105066.42741796657,1307.3808567193794,False,105141.23513651513,1810.1736109034664,False,1.8872355955204867,29.72168353473763,100387.84574798954,375.6089471217788,0.0,0.0002259581821084,False,171013.078125,1117.8656005859375,False,173525.3411462903,1541.653567573503,False,178964.78522866964,3081.1634567666893,False,False,3.2123335111071523,50.590376872807845,False,False
VIDEO J022732.80-041547.56,36.88670690756,-4.263247524659999,2025111100214,-1,i,20251111,i_39,0.3275720338695471,36.88678449187199,-4.263295415428435,746053852628257230,746053852628255304,2563.508168999654,1033.9158815559647,0.01324786,0.01082321,36.88678449187199,-4.263295415428435,6.9573144e-07,6.4648805e-07,101724.02102165377,815.282411454334,99855.43403230696,522.2979274841497,False,101329.29829728464,664.0911206927198,False,101492.86494720864,915.11069321439,False,102548.04436184044,1316.254433881854,False,102140.579117461,1827.5789693629013,False,-0.271849857161951,28.954762655502517,100748.67017643507,372.2160316108118,0.0,0.0001622970976181,False,171625.546875,1124.798095703125,False,171902.58635139465,1549.9601380175425,False,172999.64614117146,3095.4447069585804,False,False,-0.4604431411972064,49.04185718139541,False,False
VIDEO J022732.80-041547.56,36.88670690756,-4.263247524659999,2025111500095,-1,u,20251115,u_24,0.144769647765286,36.88674273564126,-4.263229069541714,746071428834525415,0,3450.0,2335.0,,,36.88674273564126,-4.263229069541714,,,1786.6739690325523,761.7717077775511,1607.643867039084,450.34582644259706,True,1790.6420670955415,599.3113139694772,True,1897.5505460952609,849.6438722414853,True,1750.7430290758855,1250.682511071954,True,-160.68896210642026,1751.135500091863,True,0.5208127545660112,27.28872287238248,2043.1557286488244,400.1137586354078,,,True,567.5921020507812,189.9678192138672,True,601.4796161651611,269.3174478036984,True,-50.934682846069336,555.0694344431786,True,True,0.1650855922414824,8.6498937236184,True,False
VIDEO J022732.80-041547.56,36.88670690756,-4.263247524659999,2025112200239,-1,u,20251122,u_24,0.3510637135099271,36.88679368259583,-4.2632025646035165,746102234497941879,0,3331.0,3863.0,,,36.88679368259583,-4.2632025646035165,,,798.8853799210546,862.6231842418816,1996.8989207340817,519.1515379727398,True,1353.1930528015266,687.8483129863095,True,1856.38976834751,976.052153464042,True,2275.971744859365,1437.822835265066,True,1831.767211603741,2012.9721317664937,True,-0.3190515947108576,32.54604747004336,1593.8718993711389,305.3388215978049,,,True,371.55517578125,188.8670654296875,True,509.72122955322266,268.00110206092734,True,502.9604511260986,552.7150857838142,True,True,-0.0876041087490477,8.936383735994914,True,False
VIDEO J022732.80-041547.56,36.88670690756,-4.263247524659999,2025112200242,-1,z,20251122,z_20,0.3349051564665991,36.88678706777527,-4.263295109156684,746102234873857433,0,1267.8220801740642,3726.1192398328735,0.01664336,0.01808154,36.88678706777527,-4.263295109156684,9.230878e-07,1.0037865e-06,141154.4725221815,1446.028340952971,138314.226220478,904.425066515902,False,141742.82723496822,1165.6892149557889,False,145731.17849471583,1621.4317470783676,False,147741.3258589188,2351.6177101148355,False,143935.79309752976,3270.0207344270534,False,-1.2418743050850072,51.813810593540666,145570.2447163196,668.7504896519715,0.0,0.0012950644549866,False,157925.0625,1298.771484375,False,162368.74853515625,1806.544394464172,False,160368.39086914062,3643.346467222766,False,False,-1.3836543342160026,57.72919473931154,False,False
VIDEO J022732.80-041547.56,36.88670690756,-4.263247524659999,2025112200244,-1,r,20251122,r_57,0.3197595912957151,36.88678456791347,-4.263291016804649,746102235148061289,746102235148059528,1402.062972861405,1615.8104467804956,0.020641465,0.019979047,36.88678456791347,-4.263291016804649,1.1421844e-06,1.1130405e-06,46858.50344899658,482.2847702807998,44830.88340952463,309.7754073388292,False,46774.0948547605,392.7368222650836,False,47970.387097887855,537.9835620499094,False,48576.485660232895,774.0994548757158,False,49050.55327115089,1072.1117029291547,False,0.4061034794965919,17.01800985671776,46615.65512343598,249.7450699980849,0.0,0.0012257022436499,False,91600.8984375,769.123291015625,False,93943.6790857315,1053.5698826754035,False,96059.04213529824,2099.5894312570235,False,False,0.7953001270466413,33.327528781348974,False,False
VIDEO J022732.80-041547.56,36.88670690756,-4.263247524659999,2025112200245,-1,z,20251122,z_20,0.3359672460890634,36.88678616789746,-4.2632971424940695,746102235300102539,0,1458.8887273542582,974.7287934278276,0.016982848,0.016699588,36.88678616789746,-4.2632971424940695,9.397001e-07,9.2944066e-07,143118.0917765929,1390.9711649753976,139318.89100628343,867.1532363973124,False,144024.7576802183,1117.7785501580215,False,147007.07700186817,1555.338203067451,False,150203.05111275072,2252.943493555474,False,148178.71286554186,3133.5290063278035,False,0.2564290104229655,49.339931136298354,145135.99515972944,639.6258298011543,0.0,8.344720967334851e-06,False,160111.0,1242.6241455078125,False,163426.4169921875,1729.0551919153572,False,164728.91381835938,3483.515409525045,False,False,0.2850697751492944,54.85074817278382,False,False
VIDEO J022732.80-041547.56,36.88670690756,-4.263247524659999,2025112600190,-1,i,20251126,i_39,0.3227503125714406,36.886784498668014,-4.263292807403367,746119820108369655,746119820108368428,1401.1259197565391,3700.726027459461,0.008778692,0.009569352,36.886784498668014,-4.263292807403367,5.238361e-07,4.947502e-07,101376.41131407669,696.0779852742895,99367.61216680864,448.6822133798957,False,101201.18746417388,568.576132694073,False,101630.30973732176,780.9165013340888,False,102134.9418513655,1123.8183612193568,False,100890.70089757913,1557.5903339832266,False,-0.0409516708617361,24.103439847584877,100491.83424884142,313.66307508462955,0.0,1.0169477693611206e-05,False,220305.171875,1237.735107421875,False,221239.32945269343,1699.97949981895,False,219629.272726655,3390.723121312088,False,False,-0.089147816481472,52.47085129589746,False,False
VIDEO J022732.80-041547.56,36.88670690756,-4.263247524659999,2025112600216,-1,i,20251126,i_39,0.3214236587799225,36.88678357131175,-4.263293642384199,746119823596454318,0,3799.426198681528,667.8548147867848,0.0091966735,0.0095121395,36.88678357131175,-4.263293642384199,5.2640115e-07,5.1265664e-07,101171.71723985318,784.3548950740084,100022.11001316916,505.89349828481454,False,101278.48002035051,642.0139208909791,False,101457.13917540468,882.3935170650711,False,102625.48191433329,1271.735745960496,False,101845.70145548345,1764.389159748932,False,0.4932100187442857,27.85248487020753,101017.18371042862,342.5411355176096,0.0,1.0807008274937855e-06,False,174585.40625,1106.7135009765625,False,174893.3816576004,1521.0835571210876,False,175563.19131022692,3041.481252245964,False,False,0.8502030389055916,48.01254309069488,False,False
VIDEO J022732.80-041547.56,36.88670690756,-4.263247524659999,2025112600217,-1,i,20251126,i_39,0.3276475490536023,36.88678454476421,-4.263295370024322,746119823731722184,0,471.2561218643662,2753.2436691366065,0.008768671,0.009355865,36.88678454476421,-4.263295370024322,5.1581725e-07,4.9077926e-07,101402.2226094826,786.8326722090198,100559.98600876502,508.5970811966686,False,101443.94649840872,644.9010142507217,False,102505.4715935393,888.4290854459241,False,102353.35731460172,1277.8200936075814,False,102022.40237200694,1770.2525405074773,False,0.5040376236045196,28.00254931200733,101910.77030059091,344.66890565037954,0.0,0.0001982589157561,False,173966.5,1105.9425048828125,False,175786.91227531433,1523.5694571055826,False,174958.4955523014,3035.810900683214,False,False,0.8643754928064743,48.021648043471366,False,False
VIDEO J022732.80-041547.56,36.88670690756,-4.263247524659999,2025112600266,-1,i,20251126,i_39,0.3273672140470402,36.88678496115527,-4.263294541044406,746119830287420180,746119830287418536,3870.0733428386816,1918.5065983748968,0.011260508,0.010790365,36.88678496115527,-4.263294541044406,6.1171653e-07,6.132945e-07,100108.31022409012,776.3534245060139,99367.31272981231,500.5745036473359,False,100763.25202398996,634.1444296601865,False,102080.20326590425,872.5640389195883,False,104107.6783894288,1252.1821981778717,False,102680.09925692534,1737.313526302551,False,0.9792467856620348,26.392605972779496,101080.35591228351,357.06595412720065,0.0,0.0005134153629016,False,171452.953125,1079.023681640625,False,173693.80159914494,1484.7047734011487,False,174714.55010777712,2956.1127554484124,False,False,1.6662299982135051,44.90814005903872,False,False
VIDEO J022732.80-041547.56,36.88670690756,-4.263247524659999,2025112600267,-1,i,20251126,i_39,0.3366614250143859,36.88678750496809,-4.2632953304932535,746119830437889119,0,3334.364330373712,1782.914048310063,0.01134832,0.010161366,36.88678750496809,-4.2632953304932535,5.983552e-07,5.979058e-07,100828.2985125451,782.3535639051793,99302.057799098,504.43404112135926,False,100984.85741959602,639.3855712676082,False,101595.38960616488,878.9869708178385,False,102206.29470518774,1263.558635366193,False,102615.10018456484,1752.1274041633096,False,0.788554152490251,26.713080157056428,100627.39243903966,354.6259758158544,0.0,0.0006851265745034,False,171714.953125,1087.213134765625,False,172753.10387825966,1494.6320700768947,False,174487.0227909088,2979.322670376398,False,False,1.3408598357352537,45.42300127170553,False,False
VIDEO J022732.80-041547.56,36.88670690756,-4.263247524659999,2025112600268,-1,i,20251126,i_39,0.3333961274677161,36.88678564610685,-4.263296627837069,746119830555856033,746119830555854551,988.5149762585332,2780.2308961953595,0.01113831,0.010521588,36.88678564610685,-4.263296627837069,6.0241206e-07,6.008049e-07,102396.69642711332,777.7507761644177,100084.01866568686,502.0998091947405,False,101570.40347045076,635.9425674405192,False,101281.86563346996,873.9066228023698,False,101070.70664104936,1256.2108704773816,False,102139.1747352412,1742.9021053295653,False,-0.1182208357319867,27.27266672756412,102078.40334182554,356.60126476493645,0.0,0.0002354520675131,False,172664.703125,1081.0711669921875,False,172174.2029570341,1485.598387221538,False,173631.58637273312,2962.8480769028038,False,False,-0.2009696211435389,46.36219551211974,False,False
VIDEO J022732.80-041547.56,36.88670690756,-4.263247524659999,2025112600269,-1,i,20251126,i_39,0.3293044870962088,36.88678589749885,-4.263294026985033,746119830705277849,746119830705276842,3140.802035469431,3338.689262842653,0.011108088,0.010620006,36.88678589749885,-4.263294026985033,6.042732e-07,6.018333e-07,101225.24339279474,789.9600725014731,100387.17659504,510.0614545945658,False,100741.8033210415,645.6600904287322,False,101868.46890855144,886.9083044664098,False,103752.7777249248,1276.647487858592,False,104380.46911149958,1770.0646626583225,False,1.0028205509418135,27.553827836702432,101200.28586014574,362.3860335390121,0.0,6.155905070193146e-05,False,170464.8125,1092.5189208984375,False,172371.23894655704,1500.734082987988,False,176621.7846930027,2995.119512317732,False,False,1.6968687431837768,46.62372462077743,False,False
VIDEO J022732.80-041547.56,36.88670690756,-4.263247524659999,2025112700034,-1,i,20251127,i_39,0.3288238913424741,36.88678527344185,-4.263294808031062,746124197205377534,0,1127.8984597467183,861.4343437697885,0.011693364,0.007006883,36.88678527344185,-4.263294808031062,4.370333e-07,6.180032e-07,100164.0751960838,896.5078318993096,99826.78358864588,569.4186168610133,False,100241.65195149006,729.5181634031019,False,101114.80797504383,1012.1113744658066,False,102432.87812364212,1462.5685542965591,False,101444.81464275612,2035.1118313527568,False,2.133161941139998,31.98020796248043,100721.2395627817,361.9627010350366,0.0,5.359743343591461e-07,False,173300.171875,1261.20849609375,False,174809.7049484253,1749.762416489781,False,175380.22838974,3518.3501398096846,False,False,3.6878615210338737,55.28815047040653,False,False
VIDEO J022732.80-041547.56,36.88670690756,-4.263247524659999,2025112700035,-1,i,20251127,i_39,0.3295080391563462,36.88678576908625,-4.263294353836362,746124197343790728,0,727.6928010923928,2616.991065517358,0.010659652,0.0070269024,36.88678576908625,-4.263294353836362,4.211802e-07,5.6928036e-07,100536.39774764072,921.9963811172648,98908.11618319192,584.4059041662128,False,99778.43289549544,749.7507312941771,False,99533.58380893314,1039.1865975723074,False,99303.91385094813,1504.3967475097704,False,97993.21703381448,2090.33680731248,False,0.5303669538850314,32.46933497056193,101045.73962212316,365.261037598221,0.0,2.9130423971901465e-06,False,171333.25,1287.4248046875,False,170912.810546875,1784.425871921502,False,168267.78959280252,3589.3949062777824,False,False,0.9107127789519024,55.75430004670056,False,False
VIDEO J022732.80-041547.56,36.88670690756,-4.263247524659999,2025112800037,-1,i,20251128,i_39,0.3301450447800416,36.88678667196486,-4.263293164185884,746128595652969340,0,1373.557103369924,1702.91284080537,0.012426075,0.010761955,36.88678667196486,-4.263293164185884,6.293008e-07,6.613833e-07,101646.71147702727,873.9236537384066,98263.57850585468,553.0247097922457,False,100312.70439137243,708.3565261667244,False,100663.80801319356,981.1680296308468,False,99815.66772931653,1416.371859253201,False,97363.26304905686,1969.6899882327964,False,-1.1841605652796348,30.492219583234142,101616.09935175376,389.6388789873728,0.0,0.0003595795790185,False,170686.1875,1205.2977294921875,False,171283.60473632812,1669.4977100924416,False,165667.5918891132,3351.508432438307,False,False,-2.0148978486997047,51.88376428143339,False,False
VIDEO J022732.80-041547.56,36.88670690756,-4.263247524659999,2025112800038,-1,i,20251128,i_39,0.3304666387425243,36.8867869869631,-4.263292793707986,746128595804489871,746128595804488045,2959.5007283739983,737.6123708643327,0.01319292,0.011999383,36.8867869869631,-4.263292793707986,6.859267e-07,7.134096e-07,100128.51260455024,903.0417402272798,98448.5130930132,569.9790465038398,False,100569.56308790047,731.2479562855526,False,102879.70492614603,1015.2935155527836,False,104094.70768806976,1469.7197445949398,False,101840.36927682823,2039.659036008903,False,1.0548956760043045,31.99709184100368,101230.65378149415,399.76996002347295,0.0,2.5679953069568384e-06,False,169618.234375,1233.305419921875,False,173514.46468293667,1712.3699078808922,False,171761.54588377476,3440.0404435730065,False,False,1.7791619702800436,53.96553446754228,False,False
VIDEO J022732.80-041547.56,36.88670690756,-4.263247524659999,2025112800220,-1,i,20251128,i_39,0.3332262028881939,36.88678642784681,-4.2632952671781945,746128620145607805,0,1386.9353692607688,1769.3552652953992,0.01100149,0.008971425,36.88678642784681,-4.2632952671781945,5.022751e-07,6.075951e-07,100947.7380140258,881.5587143318099,100583.19664423852,560.3755388779188,False,101397.36059752396,717.4255277208058,False,102721.64346187776,994.504584101558,False,102695.3677284606,1437.405108189263,False,103343.7258284261,1996.3997654040472,False,0.5621669542336575,31.586994628816125,100650.5547841634,365.2111504400961,0.0,8.728181034145521e-06,False,174868.21875,1237.26025390625,False,177152.05517578125,1715.106232901251,False,178224.88818359375,3442.9581680615124,False,False,0.9695038741408126,54.47441091027546,False,False
VIDEO J022732.80-041547.56,36.88670690756,-4.263247524659999,2025112900044,-1,z,20251129,z_20,0.3334872653284298,36.8867855079615,-4.263296894966972,746132994619606442,0,1521.980844647129,3521.3269896651645,0.015515141,0.015258661,36.8867855079615,-4.263296894966972,8.566787e-07,8.514318e-07,142912.19915432515,1573.4498690608282,140297.8758122659,974.006763563634,False,141747.26897481544,1265.6016952267887,False,142599.0905827866,1771.9475161506407,False,143080.31270928826,2578.694510929908,False,139743.94820931344,3589.1031158084106,False,-0.3834349658626566,56.612456017758895,144789.15825716872,650.1549544609121,0.0,0.0010037244586221,False,169466.546875,1513.095458984375,False,170484.94580078125,2118.459346536933,False,167071.46826171875,4290.967408496743,False,False,-0.4584172949915737,67.6832612072899,False,False
VIDEO J022732.80-041547.56,36.88670690756,-4.263247524659999,2025112900045,-1,z,20251129,z_20,0.3351084571039683,36.88678729550488,-4.263294836763722,746132994755396067,0,1249.3791535852856,1243.3564050675366,0.014875567,0.014366515,36.88678729550488,-4.263294836763722,8.166121e-07,8.066841e-07,141331.58002353043,1579.1872114113337,139589.92839438643,977.5963899126968,False,142036.51154091826,1271.0586432991372,False,144048.44829264202,1784.6285582470116,False,148697.32373988334,2594.6106924312458,False,149284.90525741296,3614.904559303499,False,2.29584818800964,56.17640823883707,144360.80466454575,639.2894787573268,0.0,0.0008025567004064,False,169898.109375,1520.386962890625,False,172304.70361328125,2134.6977245034013,False,178568.33349609375,4323.997002839665,False,False,2.74619717369282,67.19586004833027,False,False
VIDEO J022732.80-041547.56,36.88670690756,-4.263247524659999,2025121400759,-1,i,20251214,i_39,0.3331519940312323,36.88678645806405,-4.263295177070738,746199061310735557,0,3971.890731587341,2379.503214993351,0.013386552,0.01739038,36.88678645806405,-4.263295177070738,8.238827e-07,8.957258e-07,99322.43780117748,735.4485196786231,97254.6571607066,477.6124547342152,False,99834.32550500188,600.0792891856913,False,102241.33907284554,817.4564023578058,False,103759.45922547314,1170.21272273863,False,103670.36924053574,1620.0291559819009,False,0.4252358240729362,25.769131708919943,100299.91708670836,389.1076424673256,0.0,0.0002574745745758,False,164380.765625,988.0518798828124,False,168343.9990234375,1345.9710235424166,False,170696.94799041748,2667.4355903950614,False,False,0.7001658996412503,42.42979134056949,False,False
VIDEO J022732.80-041547.56,36.88670690756,-4.263247524659999,2025121400760,-1,i,20251214,i_39,0.3275190400212939,36.88678519638429,-4.263294232682184,746199061427653080,746199061427651080,2341.7577010424893,891.8321250291298,0.013723556,0.015339096,36.88678519638429,-4.263294232682184,7.889678e-07,8.265029e-07,100713.03446929964,712.6282214604774,97422.519247732,463.18236144268457,False,100203.45243756956,581.7586123112496,False,101691.04059297676,792.529412373573,False,102994.02648056277,1133.895806158669,False,102549.64460831328,1567.1687442178438,False,0.3252250543071213,24.77801851243284,100882.55858261487,383.3614216988392,0.0,0.000248170416925,False,166242.390625,965.165771484375,False,168710.3715698123,1314.8447578260398,False,170134.83730065823,2600.0090038202347,False,False,0.5395641487786714,41.10793522831689,False,False
VIDEO J022732.80-041547.56,36.88670690756,-4.263247524659999,2025121400772,-1,i,20251214,i_39,0.3244760159617879,36.886784450295686,-4.263293829861863,746199063061334550,746199063061332536,3967.513809530697,980.1914789238092,0.012654244,0.012624113,36.886784450295686,-4.263293829861863,7.006883e-07,7.0225315e-07,101982.83032647836,725.4200668376968,99310.53049635205,472.8478687019566,False,102511.11788708568,593.9268200659642,False,104872.47802709836,809.9718629472147,False,106221.07187298188,1157.7847507292122,False,107532.88424726763,1603.002209484842,False,1.5909918762587214,25.44784025883564,101615.54024309464,376.984533040999,0.0,6.49779553832941e-05,False,170459.515625,987.6048583984376,False,174386.0780699253,1346.8530465148192,False,178809.90608978271,2665.5350737231065,False,False,2.645563819615094,42.31566891116672,False,False
VIDEO J022732.80-041547.56,36.88670690756,-4.263247524659999,2025121400773,-1,i,20251214,i_39,0.3280228886683746,36.886785474505785,-4.263294040690588,746199063196600862,746199063196599416,1221.0298452051068,2084.395520387684,0.013389924,0.014748315,36.886785474505785,-4.263294040690588,8.0380556e-07,7.5786545e-07,99851.77893326282,735.0007734272017,97195.99261191314,478.1456524915116,False,99753.31245392222,600.9701525815269,False,101693.39033971772,819.8410387111755,False,101880.09019746252,1171.524161731263,False,100010.59108083409,1621.2779644850814,False,-0.6180778340089423,25.36445892645705,101435.92254124524,389.2966468754561,0.0,0.0028911411294841,False,165662.625,998.0449829101562,False,168884.557057783,1361.528907808011,False,166089.89354519546,2692.493681102765,False,False,-1.0264561037362292,42.12334151211778,False,False
VIDEO J022732.80-041547.56,36.88670690756,-4.263247524659999,2025121400774,-1,i,20251214,i_39,0.330599537621531,36.88678486002546,-4.263296415682241,746199063323478605,746199063323477315,3472.682953258633,2567.337713145787,0.014377957,0.015684566,36.88678486002546,-4.263296415682241,8.5442144e-07,8.1565247e-07,100698.06379075426,718.4660001780837,97941.68941997946,467.3642908971116,False,100789.0869022178,587.1946246965938,False,102549.29200359291,800.6778239106271,False,104632.3309367712,1146.0707949833784,False,106400.36662952745,1585.0132700148092,False,1.1398271222381486,24.97763131004843,101013.4814909448,385.1138058864317,0.0,2.079393166543042e-07,False,166591.15625,970.5557861328124,False,169500.54467773438,1323.4155459550077,False,175865.86650431156,2619.819282414297,False,False,1.8839849040698569,41.28475223080535,False,False
VIDEO J022732.80-041547.56,36.88670690756,-4.263247524659999,2025121400779,-1,i,20251214,i_39,0.3354391089140056,36.88678672382664,-4.263295966606176,746199064004528471,746199064004526538,400.54602855799,771.0806348362772,0.014021623,0.015046998,36.88678672382664,-4.263295966606176,8.278707e-07,7.85921e-07,102039.49191744965,737.8324907606958,97920.6524272488,477.4374434871567,False,101608.05972255125,601.8302137312584,False,103288.89827952428,821.7521574361672,False,104351.27640916208,1175.6887451874752,False,103174.37977486513,1627.9553446378416,False,-0.1210874153797259,25.567257470205572,102030.52355500494,392.0960746325075,0.0,3.665184631695961e-05,False,167577.0,992.5679321289062,False,170349.12145996094,1355.2739975814882,False,170160.25192040205,2684.9038701585177,False,False,-0.1997033095848476,42.166776107956,False,False
VIDEO J022732.80-041547.56,36.88670690756,-4.263247524659999,2025121400780,-1,i,20251214,i_39,0.3246917654250343,36.88678433236961,-4.263294141742254,746199064136124808,746199064136123394,2071.332409315172,2084.0752903308708,0.01594457,0.015310499,36.88678433236961,-4.263294141742254,8.546071e-07,8.79236e-07,100575.78325659764,749.7283202486373,98356.44940557788,485.404682362382,False,101657.85804444202,610.8360380105074,False,104934.88810050755,833.7089850090025,False,107529.85063597196,1193.019632873692,False,107585.25813212027,1649.6094847731376,False,1.0353716551001713,25.72900671321632,101210.03227729244,400.49384610072,0.0,0.0007344690390129,False,167451.71875,1006.1744995117188,False,172849.67150878906,1373.2927799447,False,177215.38435828686,2717.251266211056,False,False,1.705473305524116,42.38104637198692,False,False
VIDEO J022732.80-041547.56,36.88670690756,-4.263247524659999,2025121600056,-1,i,20251216,i_39,0.3335125959166506,36.88678720699892,-4.263294110559868,746207763053939637,746207763053938395,1131.2730846548695,3016.7313357112453,0.011967208,0.013292871,36.88678720699892,-4.263294110559868,7.0770466e-07,6.957931e-07,101400.05844441212,770.3827120477697,98361.39765065882,497.173821318133,False,100870.16536348204,628.5197837511084,False,102133.22131940463,861.1237449629002,False,103738.20033531598,1237.2380458090752,False,103427.31955077242,1713.4238483094225,False,0.8803430813484785,27.361743449985987,101619.57949478702,390.85237159345553,0.0,0.0002491671304801,False,165022.953125,1028.25439453125,False,167089.3046875,1408.7930052237564,False,169206.4412164688,2803.150588520679,False,False,1.4402357181014644,44.763639382314224,False,False
VIDEO J022732.80-041547.56,36.88670690756,-4.263247524659999,2025121600057,-1,i,20251216,i_39,0.3253079304683932,36.88678490489444,-4.263293519924897,746207763183961013,0,731.5817868221707,1648.3350595249174,0.013065382,0.013534535,36.88678490489444,-4.263293519924897,7.385396e-07,7.3766665e-07,101090.057781658,784.6508043757889,98520.3413495812,504.6456628612371,False,101074.6415998356,638.6146145408549,False,103402.23388431424,877.4412476441858,False,104674.8632950769,1260.8770955346365,False,103629.47624977416,1745.872163612263,False,0.5151285476317414,27.710700745338265,101291.35490510956,392.1256180802786,0.0,0.0002698213902313,False,164709.25,1040.673828125,False,168502.2486534119,1429.8610168781756,False,168872.5583472252,2845.0389742952184,False,False,0.839443359788786,45.15681346473882,False,False
VIDEO J022732.80-041547.56,36.88670690756,-4.263247524659999,2025121600058,-1,i,20251216,i_39,0.3274709035726538,36.88678504276459,-4.26329446189008,746207763318180225,746207763318178509,2260.970232033278,1221.4796866020304,0.013274501,0.013328347,36.88678504276459,-4.26329446189008,7.37879e-07,7.386452e-07,99742.61657757436,784.071342345761,96671.91201923083,503.299134503115,False,99162.61645577288,637.532892770068,False,100345.43178567104,874.7345832262669,False,101763.6346087785,1256.0586767130271,False,100526.21938797367,1741.8444884982398,False,0.4333760687276213,27.486901211402586,100177.47103498808,393.3630479947914,0.0,7.634093374120354e-07,False,161723.84375,1039.7493896484375,False,163652.89169603586,1426.6005085041354,False,163947.7373444438,2840.7659656734336,False,False,0.7067909876617103,44.82825761931344,False,False
VIDEO J022732.80-041547.56,36.88670690756,-4.263247524659999,2025121600079,-1,i,20251216,i_39,0.3479027143551318,36.88679047121451,-4.263296462642713,746207766112634529,0,12.633868496856437,3407.171989126565,0.04885141,0.04457854,36.88679047121451,-4.263296462642713,2.7073345e-06,2.475301e-06,,,111720.3947199506,551.5972893153247,True,116306.8166489467,695.1715870053031,True,,,True,,,True,,,True,2.194617536999648,29.055550330633405,105962.32968386536,433.17122552499575,,,True,185456.296875,1108.4814453125,True,,,True,,,True,True,3.499413475457493,46.33034351072365,True,False
VIDEO J022732.80-041547.56,36.88670690756,-4.263247524659999,2025121600080,-1,i,20251216,i_39,0.3307042564613893,36.88678658981671,-4.263293617036912,746207766246328502,746207766246326662,1787.349171720867,789.9547249001857,0.015140081,0.013805578,36.88678658981671,-4.263293617036912,8.3909293e-07,7.662278e-07,102258.1775871715,859.4845141498432,99585.7172053104,548.9874597374649,False,102721.66372693631,697.1353136441465,False,104583.270670063,958.1565192654472,False,107146.36708800508,1378.5957624082175,False,107780.43995124396,1910.189489855956,False,1.6019916236953042,31.05601296634916,103272.89745576517,427.5110644939475,0.0,0.0026611555970935,False,164180.171875,1114.2322998046875,False,167155.58073031902,1531.4228402134218,False,172265.6206484139,3053.0584044281904,False,False,2.560465344679146,49.63686686502137,False,False
VIDEO J022732.80-041547.56,36.88670690756,-4.263247524659999,2025121600081,-1,i,20251216,i_39,0.3239526188013726,36.88678303611445,-4.263295837211571,746207766381071004,746207766381069928,3802.7224130575664,2992.0807013163453,0.012831392,0.01377839,36.88678303611445,-4.263295837211571,7.121477e-07,7.648328e-07,101180.74505127838,818.1067779140651,98104.65742088764,521.9378612687418,False,100827.57954929271,662.7891966810782,False,102373.5426266882,910.0752743640304,False,103150.80180590166,1309.4925080882026,False,103332.58659542796,1816.2797542273129,False,0.2570898743408277,28.314126447965357,102109.10374916883,407.9599745793599,0.0,0.0002771494747223,False,162101.609375,1065.573486328125,False,164587.07122978568,1463.1380351115336,False,166128.9367738068,2920.0529513012807,False,False,0.4133262205733176,45.52093272276348,False,False
VIDEO J022732.80-041547.56,36.88670690756,-4.263247524659999,2025121600084,-1,i,20251216,i_39,0.3234134967942905,36.88678426793717,-4.263293558849584,746207766782151065,746207766782149078,2480.591296780975,881.0684494052857,0.012650368,0.012071396,36.88678426793717,-4.263293558849584,7.0076396e-07,6.715435e-07,100292.56395898276,818.968032406152,97621.59060993932,522.3299682626167,False,100438.32570939834,664.0832146668506,False,103246.14691845096,913.4071944296378,False,104082.98327383916,1314.5224789277163,False,105082.23342448498,1822.5747699515516,False,1.61069981111182,28.79303499426842,100922.03691434754,396.8292159745894,0.0,0.0002884821907537,False,161935.59375,1070.6939697265625,False,166462.6126087904,1472.676245056566,False,169422.91443014145,2938.5169997736925,False,False,2.596913363730025,46.42268959313296,False,False
VIDEO J022732.80-041547.56,36.88670690756,-4.263247524659999,2025121600085,-1,i,20251216,i_39,0.3299026043272137,36.88678588684804,-4.263294370817989,746207766895921681,746207766895920555,2331.7115953251296,2767.036196258336,0.015025784,0.013719942,36.88678588684804,-4.263294370817989,8.29514e-07,7.6651753e-07,102378.33673773184,838.1905805893944,97979.3090177846,531.6833258121761,False,101689.85662441971,677.1985695354106,False,103193.0761292089,931.4509253477568,False,103619.50434390956,1342.0581071598774,False,103473.7144817387,1860.356475190736,False,-0.2953440752125326,29.39302410054603,101069.0583887334,410.4749273661905,0.0,0.0005346164360137,False,162714.015625,1083.5859375,False,165119.3182786703,1490.415322156724,False,165568.3679164052,2976.757787064907,False,False,-0.4725802755959725,47.031799842401824,False,False
VIDEO J022732.80-041547.56,36.88670690756,-4.263247524659999,2025122400053,-1,g,20251224,g_6,0.3031470332040399,36.88678058744185,-4.263288660783463,746242947021800940,0,3681.2642302034055,3109.6149300316515,0.036287706,0.033635326,36.88678058744185,-4.263288660783463,1.8891101e-06,1.9956997e-06,15366.753818192092,384.27447081485474,14700.080165418438,238.0976965148125,False,15124.824924661903,309.33621519319047,False,15237.8689824952,432.8278821018874,False,14685.069044057997,629.563479741438,False,14989.595170891973,877.228129696895,False,0.0442338288823483,14.106650268401944,15104.684368627566,160.2985796984112,0.0,1.4672074725163853e-05,False,30986.966796875,633.752197265625,False,31218.565673828125,886.7556006935215,False,30709.915002167225,1797.2200712141516,False,False,0.090624003497787,28.90098269959777,False,False
VIDEO J022732.80-041547.56,36.88670690756,-4.263247524659999,2025122400054,-1,g,20251224,g_6,0.2994226909596545,36.88677922711108,-4.263288955673539,746242947158116143,0,1822.272193845936,3773.104773009709,0.035930283,0.03520246,36.88677922711108,-4.263288955673539,1.9618678e-06,1.9877227e-06,14188.37248929748,393.25008979228073,13845.416093636415,243.03123326613127,False,13997.381765017022,316.04536047361995,False,13957.59265757092,442.9024830493907,False,13446.682257700326,644.1196687565172,False,12480.76174534716,897.6580615021702,False,-0.6838597515139343,14.354936097301918,14748.17516009021,166.761619474312,0.0,0.0145388325173869,False,28864.248046875,651.7227172851562,False,28782.19822597504,913.3170292793624,False,25736.79912996292,1851.076535844138,False,False,-1.4101992664303458,29.601567147729963,False,False
VIDEO J022732.80-041547.56,36.88670690756,-4.263247524659999,2025122400055,-1,g,20251224,g_6,0.300021713822214,36.88677867433602,-4.263290226450592,746242947266118712,0,1206.9845508306453,1962.298980575683,0.030456537,0.030686809,36.88677867433602,-4.263290226450592,1.6918136e-06,1.7053944e-06,14375.362773054048,368.26603706629726,14504.974260989862,228.11565000622755,False,14768.028782265948,296.126096323094,False,15526.775058213683,414.63427308098096,False,15540.373796335638,603.100563878588,False,16908.071426651837,840.0792130692512,False,0.4646837672607052,13.269317612717767,14977.911077521285,146.6038242452811,0.0,0.0009016882923364,False,31203.078125,625.6790161132812,False,32806.21823763847,876.0726165285344,False,35724.732220351696,1774.9868789574732,False,False,0.9818212103342304,28.036480713815475,False,False
VIDEO J022732.80-041547.56,36.88670690756,-4.263247524659999,2026010100040,-1,i,20260101,i_39,0.3297204219414831,36.8867855797121,-4.2632947839749455,746278129620747099,0,91.26903958216282,2336.820157093443,0.014825052,0.013711613,36.8867855797121,-4.2632947839749455,8.2188035e-07,7.612781e-07,100169.2880069287,1215.0566476145168,98497.17383300864,748.4770449539686,False,99931.5554668149,976.535451934672,False,101200.8697137492,1372.2461410471487,False,101696.22217949758,1998.742047440055,False,100061.13452357464,2786.550099899293,False,-0.2182956214577083,44.59151973539734,100113.66870710382,468.4087247889133,0.0,6.864544929596761e-05,False,170434.765625,1665.495849609375,False,172599.60009765625,2340.3863608112,False,170655.7646484375,4752.502960252316,False,False,-0.3723064542156884,76.0515052473969,False,False
VIDEO J022732.80-041547.56,36.88670690756,-4.263247524659999,2026010100041,-1,i,20260101,i_39,0.3409295608308902,36.88678857428598,-4.26329585680954,746278129759159378,0,1082.5439641124503,3087.039673863806,0.01609363,0.015503541,36.88678857428598,-4.26329585680954,8.936079e-07,8.612406e-07,100208.39423708413,1194.8101243501828,99287.79680904244,735.2329145117682,False,101322.48986839432,959.2552286093847,False,102882.93042019586,1347.1368736462607,False,108750.44675452754,1960.947755614425,False,108228.96049592918,2736.015086784505,False,2.4947702560932195,42.68986130069436,101063.21990858077,482.0339955682301,0.0,1.018372404137935e-05,False,173998.453125,1647.3038330078125,False,176678.15673828125,2313.402803923935,False,185858.75390625,4698.486914854877,False,False,4.284203497429897,73.31017861966929,False,False
VIDEO J022732.80-041547.56,36.88670690756,-4.263247524659999,2026010100042,-1,i,20260101,i_39,0.3283880798752139,36.886785684065984,-4.263293886788543,746278129893376781,0,806.0670278199931,2121.390161096061,0.016177919,0.015391521,36.886785684065984,-4.263293886788543,8.9807014e-07,8.552164e-07,97595.5830010541,1192.1385531922774,96835.28330461214,733.7084309506346,False,97919.83625198597,957.756284302777,False,100138.96615248536,1345.7514052890456,False,100531.92408005505,1961.6290945657372,False,100191.83897237731,2733.6033290420555,False,-0.0802771205539875,42.81040984981162,100201.8208576756,479.16243010292953,0.0,0.0019719689860637,False,168285.859375,1646.008056640625,False,172099.6748046875,2312.8197555537454,False,172190.54248046875,4697.99381847795,False,False,-0.1379649388486827,73.57433271468933,False,False
VIDEO J022732.80-041547.56,36.88670690756,-4.263247524659999,2026010100043,-1,i,20260101,i_39,0.3230340917488356,36.886782594546695,-4.263296052121105,746278130023924527,0,2305.429738716485,2103.47175398406,0.015799567,0.018150037,36.886782594546695,-4.263296052121105,8.793846e-07,1.005995e-06,102008.23920818006,1188.6255291420423,99829.70572060836,733.1533000002167,False,101769.13105313704,956.7731250076694,False,103273.47448585296,1343.8287384145335,False,103029.10296743954,1962.1965686785572,False,99078.3744456295,2729.7131275383745,False,-1.2423321295136,44.53775953405265,101611.34465471208,477.4101423530307,0.0,8.478594272776085e-06,False,174746.96875,1642.8675537109375,False,177330.06494140625,2307.4776813655208,False,170126.69189453125,4687.16878741306,False,False,-2.133198658244239,76.47543408254548,False,False
VIDEO J022732.80-041547.56,36.88670690756,-4.263247524659999,2026010200044,-1,g,20260102,g_6,0.3128446455335256,36.88678665360988,-4.26328256101546,746282528229294127,0,1944.0702532094915,305.32386931343365,0.20951103,0.19210936,36.88678665360988,-4.26328256101546,1.1408946e-05,1.0900083e-05,14362.626845446246,1382.6204139026534,12766.822497830532,809.4541215692713,False,12935.689866692202,1079.7622273937686,False,12877.757569690524,1540.720824108632,False,11376.686841584062,2260.966177621546,False,11443.891808262675,3164.4452318610533,False,-0.2792626960736811,50.19001761459402,13406.710114418973,574.3348594401735,0.0,0.0216964212896642,False,26692.287109375,2228.046875,False,26572.74609375,3179.216803766544,False,23614.0205078125,6529.708236761162,False,False,-0.5762475862791334,103.56512671526382,False,False
VIDEO J022732.80-041547.56,36.88670690756,-4.263247524659999,2026010200045,-1,g,20260102,g_6,0.3174022442126711,36.88678572451803,-4.263287470729425,746282528342016199,0,4075.1053885365714,1517.2084110247345,0.17961656,0.18128757,36.88678572451803,-4.263287470729425,9.982886e-06,1.0055574e-05,,,14151.279521882498,769.4609525678061,False,13994.480515440591,1027.6813413183254,False,15261.14229855186,1465.7194288756978,False,,,True,,,True,-1.1869826312888052,47.591980842387166,14570.053879141258,511.5903910119591,1.0,0.053824972501448,False,29967.79296875,2200.677734375,False,32680.2236328125,3138.6928829804096,True,,,False,False,-2.541805657789016,101.91350992155586,False,False
VIDEO J022732.80-041547.56,36.88670690756,-4.263247524659999,2026010400105,-1,i,20260104,i_39,0.3281364546769091,36.88678568964107,-4.263293739664543,746291332490200937,0,2385.3564733047733,3835.7354888451177,0.011331052,0.010455294,36.88678568964107,-4.263293739664543,6.2655675e-07,5.8340714e-07,99130.60376485492,933.005077445358,99167.69085155218,588.1505024899116,False,99950.85875448232,756.7420340810957,False,102927.1118394563,1052.8461914020113,False,101383.28339425636,1524.4391184062467,False,100343.44960606574,2121.3714424032496,False,-1.0516712392606071,33.29957838686636,99313.31780555908,378.8723881152375,0.0,3.659671664602016e-07,False,172932.234375,1309.2943115234375,False,178081.66583025455,1821.605603005324,False,173611.48429846764,3670.338684885576,False,False,-1.819572733036735,57.61401718750128,False,False
VIDEO J022732.80-041547.56,36.88670690756,-4.263247524659999,2026010400106,-1,i,20260104,i_39,0.3235848990350677,36.88678413310355,-4.263293875837653,746291332621797753,746291332621796943,2908.8336498962344,3267.0712390507,0.010708506,0.011846886,36.88678413310355,-4.263293875837653,5.9555805e-07,6.5568577e-07,100511.10280392547,960.5979798745192,99156.54026188832,605.4968442898837,False,100303.69198794312,779.3025459130407,False,100530.91559556151,1082.033909973699,False,101216.12671260536,1569.352743805569,False,102383.37790188064,2183.5716829118173,False,0.6814076989696559,35.09238521133281,101172.8470993118,392.50755766109046,0.0,0.0001584223608479,False,172087.265625,1337.02001953125,False,172477.10460844636,1856.4048161186704,False,175655.304399997,3746.271675160696,False,False,1.1690655186013144,60.20668327944853,False,False
VIDEO J022732.80-041547.56,36.88670690756,-4.263247524659999,2026010400113,-1,g,20260104,g_6,0.3170331501559159,36.8867840149688,-4.263290451427529,746291333590680199,0,3021.0266912583825,2697.651642486014,0.059370358,0.050885223,36.8867840149688,-4.263290451427529,2.824879e-06,3.2987602e-06,13927.867647511208,761.7933066872704,14481.787268505312,457.31541777282354,False,14592.104011406933,606.8259939187321,False,15934.012263956956,863.2054131445094,False,14706.960628491715,1264.0460234429045,False,12018.155001456027,1766.83426374454,False,-1.3598686364574604,28.1975827658457,15511.641420834492,266.40913038067333,0.0,0.0009687225577134,False,31418.578125,1306.5703125,False,34307.8701171875,1858.5864443950577,False,25876.55224609375,3804.209475617109,False,False,-2.9279628873860046,60.71283184195572,False,False
VIDEO J022732.80-041547.56,36.88670690756,-4.263247524659999,2026010400114,-1,g,20260104,g_6,0.3252133106910003,36.88678807517014,-4.263287637086656,746291333722800842,0,412.91211444215605,3149.5946071664885,0.072726354,0.071145535,36.88678807517014,-4.263287637086656,3.946942e-06,4.04025e-06,15450.34558950875,785.375270398665,14462.9466421851,470.58933906791447,False,15222.210657315472,624.9562932962913,False,14999.405349792718,888.619372809679,False,15088.91722775109,1302.46282266834,False,13685.061940490226,1820.5904793270624,False,-0.2803017118848566,29.047671218186323,14621.52971894242,294.7888338803802,0.0,0.004819418829147,False,32549.083984375,1336.3206787109375,False,32072.66772460937,1900.1015849051291,False,29262.25634765625,3892.900561344661,False,False,-0.5993586717787072,62.11154945335642,False,False
VIDEO J022732.80-041547.56,36.88670690756,-4.263247524659999,2026010400130,-1,y,20260104,y_10,0.3251456156923727,36.88678480270797,-4.263293603505392,746291335839875376,0,1901.2076590258655,1393.450417376263,0.022743268,0.03489986,36.88678480270797,-4.263293603505392,1.2820285e-06,1.9238498e-06,171502.27191305187,4168.993179658567,163764.97984771308,2502.5043977017385,False,172019.00958016224,3305.3596478802183,False,173089.5213231239,4685.909321861552,False,181524.6220847297,6848.203246443063,False,181295.9270872817,9570.705445337477,False,3.2273725324398783,147.65673304009718,169353.15784042774,1478.4221284293146,0.0,0.0001169242065801,False,82355.25,1582.4630126953125,False,82867.7646484375,2243.410391799761,False,86796.63623046875,4582.0391685247005,False,False,1.5451261601896302,70.69164735560032,False,False
VIDEO J022732.80-041547.56,36.88670690756,-4.263247524659999,2026010500044,-1,r,20260105,r_57,0.3193980985747209,36.88678395007124,-4.263291895736149,746295722347331834,0,974.154976353239,673.3088470469769,0.022177251,0.020954922,36.88678395007124,-4.263291895736149,1.2227385e-06,1.1719164e-06,45167.43165558136,898.6296734218264,44303.56721223759,547.9425222163391,False,44639.84235100112,720.2900123866897,False,44644.41336098265,1017.0224596354506,False,44698.129936723,1486.888470611232,False,43172.7743747443,2075.0869776693708,False,0.676580968314195,33.46610187030475,45866.075950507686,312.94405329296995,0.0,0.0014787519786385,False,89957.4921875,1451.516845703125,False,89966.70361328125,2049.487299883269,False,87001.08040237427,4181.681895610212,False,False,1.3634350832327795,67.44035012203628,False,False
VIDEO J022732.80-041547.56,36.88670690756,-4.263247524659999,2026010500052,-1,y,20260105,y_10,0.3279102563421722,36.886786605370446,-4.263292022453082,746295723443093540,0,2595.180206661162,150.67828658634804,0.024530433,0.022144763,36.886786605370446,-4.263292022453082,1.264179e-06,1.3288529e-06,161993.65261869133,3751.122384569368,159187.47186550588,2229.4588751462643,False,163158.19677240294,2936.97980380411,False,170446.0433176711,4153.468841259252,False,180919.27836604867,6074.437242531769,False,177338.19933249982,8481.269278711245,False,6.591697743568552,133.21765648222456,170135.91227150927,1407.1157180687649,0.0,0.0031203989212787,False,66669.78125,1200.110107421875,False,69647.74462890625,1697.1924460633832,False,72464.02075195312,3465.620353250097,False,False,2.6935027189768914,54.43546320076648,False,False
VIDEO J022732.80-041547.56,36.88670690756,-4.263247524659999,2026010500053,-1,y,20260105,y_10,0.3289774111347034,36.88678420497239,-4.263296605324322,746295723579408690,0,3014.9289157814683,1383.3620676239725,0.02910636,0.029601157,36.88678420497239,-4.263296605324322,1.6347904e-06,1.625068e-06,167717.3988378603,3711.691519460144,160878.8742724032,2206.1099562374807,False,167623.3525465569,2906.742645684565,False,173115.4363628414,4111.30941079615,False,173416.99456036955,6006.430899321638,False,169115.61660486343,8382.903740790964,False,-0.231043983403605,129.75137384693824,165395.99234577024,1413.8206339560336,0.0,0.0001462162721556,False,69325.703125,1202.1712646484375,False,71597.12036132812,1700.3562530985005,False,69942.8740234375,3467.003178439074,False,False,-0.095555221625859,53.662601819608426,False,False
VIDEO J022732.80-041547.56,36.88670690756,-4.263247524659999,2026010500060,-1,z,20260105,z_20,0.3269068782862197,36.88678491465214,-4.26329437034244,746295724507924073,0,103.3205582387818,3593.1540311563613,0.012688278,0.011411437,36.88678491465214,-4.26329437034244,6.344312e-07,7.0423073e-07,143173.89391186673,1442.127254483215,142397.2371428799,901.7145555267158,False,143086.43137119064,1165.6660371413209,False,144415.0583841973,1626.865234430433,False,143987.16741230423,2362.374165299798,False,139303.56201421717,3287.496090796097,False,-1.35235269894444,51.94090051596452,143313.85192839714,615.0350115314214,0.0,0.000651632520346,False,171129.15625,1394.1185302734375,False,172718.17358398438,1945.7056286372167,False,166604.90307617188,3931.794418253847,False,False,-1.6173928869776002,62.120512720759976,False,False
VIDEO J022732.80-041547.56,36.88670690756,-4.263247524659999,2026010500061,-1,z,20260105,z_20,0.3384675273479899,36.88678851876533,-4.263294598491735,746295724657345562,0,3998.72433656065,2627.008760354297,0.011439745,0.010666219,36.88678851876533,-4.263294598491735,5.92266e-07,6.33893e-07,143687.40299363123,1438.9310530765267,140224.57362832015,898.9723032987545,False,142766.6290920984,1162.8913271535394,False,143388.11680325412,1620.471633552628,False,140836.4361631858,2352.3099536554064,False,141422.74767723668,3276.226659420605,False,-0.9215605555953792,51.86514127564999,141508.28249148285,619.929809159309,0.0,0.0077214668724973,False,170799.703125,1391.23193359375,False,171543.2236328125,1938.6608459791055,False,169191.94262695312,3919.533187536894,False,False,-1.1025144342790432,62.0491692544101,False,False
VIDEO J022732.80-041547.56,36.88670690756,-4.263247524659999,2026010600045,-1,g,20260106,g_6,0.2903051357885063,36.88677433405803,-4.263292040415533,746300120549556635,0,2441.1743864702507,2447.733681207856,0.12422639,0.081803456,36.88677433405803,-4.263292040415533,6.068588e-06,5.6035256e-06,14301.50095373406,936.6762182344058,14252.690673635874,560.1768250250789,False,14431.335657078142,744.7673666992492,False,14952.83148210685,1060.399466595666,False,14519.54863485046,1555.522255591918,False,10665.830152076203,2175.3382006951306,False,-0.9287620154221778,34.18784407734509,14756.09540429095,357.1128661836133,0.0,0.002999208705701,False,28744.73828125,1483.448486328125,False,29783.46826171875,2112.133337146762,False,21244.4990234375,4332.899513810278,False,False,-1.8499341774912343,68.09630471878549,False,False
VIDEO J022732.80-041547.56,36.88670690756,-4.263247524659999,2026010600052,-1,i,20260106,i_39,0.3322895326847019,36.88678488120792,-4.263297258840565,746300121443992034,0,2719.830514148198,1204.6615428055118,0.019905655,0.016695924,36.88678488120792,-4.263297258840565,1.1001359e-06,9.3347677e-07,102468.8873331991,1121.6236124884435,98547.76695813886,694.0876013806495,False,100980.9689672098,902.6213034414394,False,100674.4308468901,1263.7596895492034,False,100953.80860632904,1838.5941053208,False,101367.36230570704,2562.3438335271653,False,0.381869626433628,40.430322850897184,100906.06362712008,480.6480429470278,0.0,0.0003676461453679,False,167979.625,1501.49072265625,False,167469.70556640625,2102.236499726244,False,168622.3818359375,4262.402714879085,False,False,0.6352317402305805,67.25495447887754,False,False
